Income,Kidhome,Teenhome,Recency,MntWines,MntFruits,MntMeatProducts,MntFishProducts,MntSweetProducts,MntGoldProds,NumDealsPurchases,NumWebPurchases,NumCatalogPurchases,NumStorePurchases,NumWebVisitsMonth,AcceptedCmp3,AcceptedCmp4,AcceptedCmp5,AcceptedCmp1,AcceptedCmp2,Complain,Response,Customer_Days,age,children,Education_Basic,Education_Graduation,Education_Master,Education_PhD,Marital_Status_Alone,Marital_Status_Divorced,Marital_Status_Married,Marital_Status_Single,Marital_Status_Together,Marital_Status_Widow,Marital_Status_YOLO
58138,0,0,58,635,88,546,172,88,88,3,8,10,4,7,0,0,0,0,0,0,1,4044,66,0,0,1,0,0,0,0,0,1,0,0,0
46344,1,1,38,11,1,6,2,1,6,2,1,1,2,5,0,0,0,0,0,0,0,3494,69,2,0,1,0,0,0,0,0,1,0,0,0
71613,0,0,26,426,49,127,111,21,42,1,8,2,10,4,0,0,0,0,0,0,0,3693,58,0,0,1,0,0,0,0,0,0,1,0,0
26646,1,0,26,11,4,20,10,3,5,2,2,0,4,6,0,0,0,0,0,0,0,3520,39,1,0,1,0,0,0,0,0,0,1,0,0
58293,1,0,94,173,43,118,46,27,15,5,5,3,6,5,0,0,0,0,0,0,0,3542,42,1,0,0,0,1,0,0,1,0,0,0,0
62513,0,1,16,520,42,98,0,42,14,2,6,4,10,6,0,0,0,0,0,0,0,3674,56,1,0,0,1,0,0,0,0,0,1,0,0
55635,0,1,34,235,65,164,50,49,27,4,7,3,7,6,0,0,0,0,0,0,0,3974,52,1,0,1,0,0,0,1,0,0,0,0,0
33454,1,0,32,76,10,56,3,1,23,2,4,0,4,8,0,0,0,0,0,0,0,3798,38,1,0,0,0,1,0,0,1,0,0,0,0
30351,1,0,19,14,0,24,3,3,2,1,3,0,2,9,0,0,0,0,0,0,1,3769,49,1,0,0,0,1,0,0,0,0,1,0,0
5648,1,1,68,28,0,6,1,1,13,1,1,0,0,20,1,0,0,0,0,0,0,3489,73,2,0,0,0,1,0,0,0,0,1,0,0
7500,0,0,59,6,16,11,11,1,16,1,2,0,3,8,0,0,0,0,0,0,0,3974,47,0,1,0,0,0,0,0,1,0,0,0,0
63033,0,0,82,194,61,480,225,112,30,1,3,4,8,2,0,0,0,0,0,0,0,3607,64,0,0,1,0,0,0,1,0,0,0,0,0
59354,1,1,53,233,2,53,3,5,14,3,6,1,5,6,0,0,0,0,0,0,0,3607,71,2,0,0,1,0,0,1,0,0,0,0,0
17323,0,0,38,3,14,17,6,1,5,1,1,0,3,8,0,0,0,0,0,0,0,4008,36,0,0,1,0,0,0,0,1,0,0,0,0
82800,0,0,23,1006,22,115,59,68,45,1,7,6,12,3,0,0,1,1,0,0,1,3963,77,0,0,0,0,1,0,0,0,1,0,0,0
41850,1,1,51,53,5,19,2,13,4,3,3,0,3,8,0,0,0,0,0,0,0,3933,43,2,0,1,0,0,0,0,1,0,0,0,0
37760,0,0,20,84,5,38,150,12,28,2,4,1,6,7,0,0,0,0,0,0,0,4048,77,0,0,1,0,0,0,0,0,0,1,0,0
76995,0,1,91,1012,80,498,0,16,176,2,11,4,9,5,0,0,0,1,0,0,0,3839,74,1,0,0,1,0,0,0,1,0,0,0,0
33812,1,0,86,4,17,19,30,24,39,2,2,1,3,6,0,0,0,0,0,0,0,3984,38,1,0,0,0,0,0,0,0,1,0,0,0
37040,0,0,41,86,2,73,69,38,48,1,4,2,5,8,0,0,0,0,0,0,0,4071,41,0,0,1,0,0,0,0,1,0,0,0,0
2447,1,0,42,1,1,1725,1,1,1,15,0,28,0,1,0,0,0,0,0,0,0,3920,44,1,0,1,0,0,0,0,1,0,0,0,0
58607,0,1,63,867,0,86,0,0,19,3,2,3,9,8,0,1,0,0,0,0,0,3934,74,1,0,0,0,1,0,0,1,0,0,0,0
65324,0,1,0,384,0,102,21,32,5,3,6,2,9,4,0,0,0,0,0,0,0,3550,69,1,0,0,0,1,0,0,1,0,0,0,0
40689,0,1,69,270,3,27,39,6,99,7,7,1,5,8,0,0,0,0,0,0,0,3849,72,1,0,1,0,0,0,0,0,0,1,0,0
18589,0,0,89,6,4,25,15,12,13,2,2,1,3,7,0,0,0,0,0,0,0,3924,54,0,0,1,0,0,0,0,0,1,0,0,0
53359,1,1,4,173,4,30,3,6,41,4,5,1,4,7,0,0,0,0,0,0,0,3779,47,2,0,1,0,0,0,0,1,0,0,0,0
38360,1,0,26,36,2,42,20,21,10,2,2,1,4,3,0,0,0,0,0,0,0,3775,34,1,0,1,0,0,0,0,1,0,0,0,0
84618,0,0,96,684,100,801,21,66,0,1,6,9,10,2,0,0,1,0,0,0,0,3600,58,0,0,0,0,1,0,0,1,0,0,0,0
10979,0,0,34,8,4,10,2,2,4,2,3,0,3,5,0,0,0,0,0,0,0,3419,34,0,0,0,1,0,0,1,0,0,0,0,0
38620,0,0,56,112,17,44,34,22,89,1,2,5,3,3,0,0,0,0,0,0,0,3795,60,0,0,0,1,0,0,0,0,0,1,0,0
40548,0,1,31,110,0,5,2,0,3,2,2,1,4,5,0,1,0,0,0,0,0,4008,53,1,0,1,0,0,0,0,0,0,1,0,0
46610,0,2,8,96,12,96,33,22,43,6,4,1,6,6,0,0,0,0,0,0,1,3989,71,2,0,0,0,1,0,1,0,0,0,0,0
68657,0,0,4,482,34,471,119,68,22,1,3,5,9,7,0,0,0,0,0,0,0,3875,77,0,0,0,1,0,0,0,1,0,0,0,0
49389,1,1,55,40,0,19,2,1,3,1,2,0,3,7,0,0,0,0,0,0,0,3685,72,2,0,0,1,0,0,0,0,1,0,0,0
67353,0,1,37,702,17,151,0,8,35,5,5,6,12,2,0,0,0,0,0,0,0,3561,53,1,0,0,0,1,0,0,1,0,0,0,0
23718,1,0,76,6,3,14,15,7,36,3,3,1,2,7,0,0,0,0,0,0,0,3681,47,1,0,0,0,0,0,0,1,0,0,0,0
42429,0,1,99,55,0,6,2,0,4,2,1,1,3,5,0,0,0,0,0,0,0,3519,50,1,0,1,0,0,0,0,0,0,0,1,0
48948,0,0,53,437,8,206,160,49,42,2,7,10,5,6,1,0,0,0,0,0,1,3894,80,0,0,0,0,1,0,1,0,0,0,0,0
80011,0,1,3,421,76,536,82,178,102,2,8,6,5,4,0,0,0,0,0,0,0,3807,43,1,0,1,0,0,0,0,1,0,0,0,0
20559,1,0,88,13,1,29,3,0,7,2,2,0,3,8,0,0,0,0,0,0,0,3855,38,1,0,0,1,0,0,0,1,0,0,0,0
21994,0,1,4,9,0,6,3,1,3,1,0,0,3,5,0,0,0,0,0,0,0,3933,66,1,0,1,0,0,0,0,0,0,1,0,0
7500,1,0,19,3,1,10,3,2,12,3,2,0,3,5,0,0,0,0,0,0,0,3651,48,1,0,0,1,0,0,0,1,0,0,0,0
79941,0,0,72,123,164,266,227,30,174,1,2,4,9,1,0,0,0,0,0,0,0,3382,47,0,0,1,0,0,0,0,0,1,0,0,0
7500,0,0,24,3,18,14,15,22,50,3,3,1,3,9,0,0,0,0,0,0,1,3978,27,0,0,0,0,0,0,0,1,0,0,0,0
41728,1,0,92,13,6,15,3,5,13,1,2,0,2,10,0,0,0,0,0,0,0,3782,55,1,0,1,0,0,0,0,0,0,1,0,0
72550,1,1,39,826,50,317,50,38,38,9,5,2,12,8,0,0,0,0,0,0,0,3979,69,2,0,0,0,1,0,0,1,0,0,0,0
65486,0,1,29,245,19,125,37,67,14,1,4,2,10,2,0,0,0,0,0,0,0,3429,66,1,0,1,0,0,0,0,0,0,0,1,0
79143,0,0,2,650,37,780,27,167,32,1,6,9,13,3,0,0,0,0,0,0,0,4068,59,0,0,0,1,0,0,0,1,0,0,0,0
35790,1,0,54,12,6,20,30,1,3,2,2,0,3,7,0,0,0,0,0,0,0,3924,46,1,0,1,0,0,0,0,0,1,0,0,0
82582,0,0,54,510,120,550,156,40,241,1,4,9,7,1,1,0,0,1,0,0,1,3403,46,0,0,1,0,0,0,1,0,0,0,0,0
66373,1,1,57,328,9,124,12,24,109,7,4,2,10,3,0,0,0,0,0,0,0,3763,45,2,0,1,0,0,0,0,1,0,0,0,0
82384,0,0,55,984,51,432,180,120,190,1,3,10,13,1,0,0,1,0,0,0,1,3968,68,0,0,0,1,0,0,0,0,0,1,0,0
70287,0,0,30,295,35,482,121,120,40,1,5,5,10,3,0,0,0,0,0,0,1,3834,57,0,0,1,0,0,0,1,0,0,0,0,0
27938,1,0,31,13,0,8,2,1,5,1,1,0,4,3,0,0,0,0,0,0,0,3443,35,1,0,1,0,0,0,0,0,1,0,0,0
55954,0,1,63,447,0,28,0,0,43,3,8,2,6,7,0,0,0,0,0,0,0,3499,55,1,0,0,0,1,0,0,1,0,0,0,0
75777,0,0,12,712,26,538,69,13,80,1,3,6,11,1,0,1,1,0,0,0,1,3741,41,0,0,0,1,0,0,0,0,1,0,0,0
66653,1,1,18,452,18,102,16,18,6,4,4,2,12,3,0,0,0,0,0,0,0,4041,48,2,0,1,0,0,0,0,0,0,1,0,0
61823,0,1,26,523,7,134,37,14,169,4,8,2,10,7,0,0,0,0,0,0,0,3877,71,1,0,1,0,0,0,0,0,1,0,0,0
67680,0,1,8,546,0,48,0,6,6,1,7,3,8,5,0,0,0,0,0,0,0,3764,72,1,0,0,0,1,0,0,0,0,0,1,0
70666,0,0,29,398,40,367,119,122,30,1,7,4,4,4,0,0,0,0,0,0,0,3586,75,0,0,1,0,0,0,0,0,0,1,0,0
25721,1,0,75,1,3,6,3,6,15,1,1,1,2,7,0,0,0,0,0,0,1,3785,52,1,0,1,0,0,0,0,1,0,0,0,0
32474,1,1,0,10,0,1,0,0,0,1,1,0,2,7,0,0,0,0,0,0,0,3430,56,2,0,1,0,0,0,0,0,0,1,0,0
88194,0,1,19,688,14,309,201,24,38,1,11,10,10,5,1,0,0,1,0,0,1,3483,44,1,0,0,0,0,0,0,0,1,0,0,0
69096,0,1,4,247,49,159,7,82,109,1,5,2,10,4,0,0,0,0,0,0,0,3656,65,1,0,1,0,0,0,0,0,0,1,0,0
74854,1,2,90,856,59,487,58,29,73,7,2,5,5,5,0,0,0,0,0,0,0,3828,53,3,0,1,0,0,0,0,0,0,1,0,0
66991,0,0,1,496,36,460,189,60,12,3,4,8,6,3,0,0,0,0,0,0,0,4037,69,0,0,0,1,0,0,0,1,0,0,0,0
65031,0,1,29,258,107,291,84,37,86,4,10,3,13,7,0,0,0,0,0,0,0,3850,64,1,0,1,0,0,0,0,1,0,0,0,0
60631,1,1,88,565,6,65,0,6,19,5,9,2,8,7,0,1,0,0,0,0,0,3831,48,2,0,0,0,1,0,0,1,0,0,0,0
28332,0,0,58,14,10,13,4,15,9,1,2,1,4,2,0,0,0,0,0,0,0,3441,71,0,0,1,0,0,0,0,1,0,0,0,0
40246,1,0,68,2,1,6,2,1,1,1,1,0,2,6,0,0,0,0,0,0,0,3938,46,1,0,1,0,0,0,1,0,0,0,0,0
75251,0,0,34,721,111,925,97,18,18,1,7,6,5,5,0,0,0,0,0,0,1,4052,51,0,0,0,1,0,0,0,1,0,0,0,0
75825,0,0,40,1032,105,779,137,105,51,0,5,8,9,4,1,0,0,0,0,0,1,4006,47,0,0,1,0,0,0,0,0,1,0,0,0
26326,0,0,12,1,0,5,0,3,9,1,0,0,3,3,0,0,0,0,0,1,0,3679,47,0,0,0,0,0,0,0,0,0,1,0,0
56046,0,0,9,577,0,64,0,0,51,2,10,1,8,8,1,0,0,0,0,0,1,3924,58,0,0,1,0,0,0,0,0,0,1,0,0
29760,1,0,87,64,4,68,7,5,17,4,3,1,4,8,0,0,0,0,0,0,0,4050,38,1,0,1,0,0,0,0,0,1,0,0,0
26304,1,0,5,4,1,5,2,0,4,1,1,0,2,7,0,0,0,0,0,0,0,3752,54,1,0,1,0,0,0,0,1,0,0,0,0
23559,1,0,87,25,5,19,7,0,23,3,3,0,3,7,0,0,0,0,0,0,0,3742,50,1,0,0,0,0,0,0,1,0,0,0,0
38620,0,0,56,112,17,44,34,22,89,1,2,5,3,3,0,0,0,0,0,0,0,3795,60,0,0,0,1,0,0,0,0,0,1,0,0
81361,0,0,18,163,23,424,27,65,76,1,3,10,13,1,0,0,0,0,0,0,0,3505,36,0,0,1,0,0,0,1,0,0,0,0,0
29440,1,1,95,17,8,14,10,4,3,2,1,0,4,7,0,0,0,0,0,0,0,3703,63,2,0,1,0,0,0,0,1,0,0,0,0
36138,1,1,48,130,0,16,0,0,5,5,3,1,4,7,0,1,0,0,0,0,0,3729,53,2,0,0,1,0,0,0,1,0,0,0,0
50388,0,1,3,292,6,37,0,3,34,4,6,1,6,7,0,1,0,1,0,0,1,3413,66,1,0,1,0,0,0,0,0,1,0,0,0
79593,0,0,70,350,60,568,110,133,145,1,5,6,7,2,0,0,1,0,0,0,0,3429,50,0,0,1,0,0,0,0,1,0,0,0,0
54178,0,1,79,135,9,39,4,0,7,1,2,2,5,2,0,0,0,0,0,0,0,3540,56,1,0,1,0,0,0,0,0,0,1,0,0
42394,1,0,69,15,2,10,0,1,4,1,1,0,3,7,0,0,0,0,0,0,0,3479,51,1,0,0,1,0,0,0,0,1,0,0,0
23626,1,0,84,27,2,14,0,0,0,3,3,1,3,5,0,0,0,0,0,0,0,3417,53,1,0,0,0,1,0,0,1,0,0,0,0
30096,1,0,30,5,3,11,12,5,9,1,2,0,3,6,0,0,0,0,0,0,0,3419,40,1,0,1,0,0,0,0,1,0,0,0,0
47916,0,1,72,505,0,26,0,0,75,5,7,4,6,6,0,1,0,0,0,0,0,3965,63,1,0,1,0,0,0,0,0,0,0,1,0
51813,1,1,37,51,2,7,0,1,2,2,2,0,3,7,0,0,0,0,0,0,0,3825,51,2,0,1,0,0,0,1,0,0,0,0,0
78497,0,0,44,207,26,447,75,0,223,1,5,7,12,2,0,0,0,1,0,0,0,3591,72,0,0,0,0,0,0,0,1,0,0,0,0
50150,0,0,32,135,46,92,65,61,11,2,5,2,7,5,0,0,0,0,0,0,0,3755,40,0,0,0,0,1,0,0,1,0,0,0,0
47823,0,1,0,53,1,5,2,1,10,2,2,0,3,8,0,0,0,0,0,0,0,3722,63,1,0,0,0,0,0,0,0,1,0,0,0
34554,0,1,43,41,1,6,2,0,5,2,2,0,3,6,0,0,0,0,0,0,0,3472,64,1,0,0,0,1,0,0,0,1,0,0,0
85693,0,1,59,386,172,183,185,132,111,2,9,5,11,5,0,0,0,0,0,0,0,3816,44,1,0,1,0,0,0,0,0,0,1,0,0
65846,0,0,68,562,81,276,80,40,81,1,6,3,6,4,0,0,0,0,0,0,0,3789,78,0,0,0,0,1,0,0,1,0,0,0,0
87195,0,0,35,217,76,690,50,26,38,1,3,11,5,1,0,0,0,0,0,0,1,3433,64,0,0,1,0,0,0,0,1,0,0,0,0
24594,1,0,94,1,3,6,10,0,9,1,1,0,3,5,0,0,0,0,0,0,0,3582,44,1,1,0,0,0,0,0,0,0,1,0,0
49096,1,1,15,144,1,32,2,1,7,4,4,1,4,7,0,0,0,0,0,0,0,3659,59,2,0,1,0,0,0,0,1,0,0,0,0
52413,0,2,56,295,106,271,75,98,65,4,6,4,12,6,0,0,0,0,0,0,0,3893,54,2,0,1,0,0,0,0,1,0,0,0,0
38557,1,0,17,76,3,31,4,4,27,2,3,1,3,7,0,0,0,0,0,0,0,3938,45,1,0,1,0,0,0,0,0,1,0,0,0
89058,0,0,18,454,194,106,31,22,43,1,5,4,4,2,0,0,0,0,0,0,0,3950,63,0,0,0,1,0,0,0,1,0,0,0,0
77298,0,1,46,425,115,292,23,35,79,1,6,6,11,3,0,0,0,0,0,0,0,3620,44,1,0,1,0,0,0,0,0,0,1,0,0
68126,0,0,40,1332,17,311,23,51,86,1,7,4,5,9,0,1,0,0,0,0,1,3977,32,0,0,0,0,1,0,0,0,1,0,0,0
57288,0,1,27,527,0,21,0,0,60,3,8,1,8,6,0,1,0,0,0,0,0,3385,60,1,0,0,1,0,0,0,0,0,1,0,0
86037,0,0,95,490,44,125,29,20,22,1,6,7,11,3,0,1,1,0,0,0,1,3924,32,0,0,1,0,0,0,0,0,1,0,0,0
43974,1,0,19,378,0,101,0,0,72,5,6,4,6,7,0,0,0,0,0,0,0,3945,43,1,0,0,0,1,0,0,1,0,0,0,0
50785,1,1,27,64,1,21,0,1,27,2,2,1,3,6,0,0,0,0,0,0,0,3673,61,2,0,1,0,0,0,0,0,1,0,0,0
90765,0,0,25,547,99,812,151,82,33,0,4,6,5,1,0,0,1,1,0,0,0,3537,53,0,0,1,0,0,0,0,1,0,0,0,0
36550,1,0,74,47,90,94,123,103,120,5,9,1,5,9,0,0,0,0,0,0,0,3876,45,1,0,0,0,0,0,0,1,0,0,0,0
30753,1,1,85,12,5,25,0,9,30,2,1,1,3,5,0,0,0,0,0,0,0,3734,56,2,0,0,0,0,0,0,0,0,1,0,0
21918,1,0,37,1,6,7,11,5,3,2,2,0,3,6,0,0,0,0,0,0,0,3608,54,1,0,1,0,0,0,0,0,0,1,0,0
56129,0,1,65,320,48,133,39,72,48,4,6,2,10,4,0,0,0,0,0,0,0,3755,70,1,0,0,1,0,0,0,0,0,1,0,0
32557,1,0,13,34,3,29,0,4,10,3,2,1,3,5,0,0,0,0,0,0,1,3506,56,1,0,0,1,0,0,0,0,1,0,0,0
19510,2,0,63,9,0,7,3,4,7,2,1,0,3,7,0,0,0,0,0,0,0,3679,38,2,0,0,1,0,0,0,1,0,0,0,0
30992,1,0,83,17,0,14,7,3,2,1,1,0,3,7,0,0,0,0,0,0,0,3814,47,1,0,1,0,0,0,1,0,0,0,0,0
101970,0,0,69,722,27,102,44,72,168,0,6,8,13,2,0,1,1,1,0,0,1,3855,40,0,0,1,0,0,0,0,0,1,0,0,0
71488,0,0,87,162,33,124,40,28,172,2,3,4,7,1,0,0,0,0,0,0,0,3877,58,0,0,0,0,0,0,0,0,0,1,0,0
79607,0,0,37,450,133,951,173,0,216,1,3,6,6,1,0,0,0,0,0,0,1,3815,39,0,0,1,0,0,0,0,0,1,0,0,0
54348,1,1,51,70,0,16,0,0,4,2,2,0,4,6,0,0,0,0,0,0,0,3402,70,2,0,0,1,0,0,0,1,0,0,0,0
77376,1,1,72,492,19,110,16,12,12,4,6,3,10,4,0,0,0,0,0,0,0,3431,67,2,0,0,0,1,0,0,0,0,1,0,0
62998,0,1,10,120,58,73,65,89,58,5,5,4,5,5,0,0,0,0,0,0,0,3653,71,1,0,1,0,0,0,0,1,0,0,0,0
61331,1,1,42,534,5,47,0,5,41,5,11,1,6,8,0,0,0,0,0,0,0,3857,65,2,0,0,1,0,1,0,0,0,0,0,0
73448,0,0,10,236,106,189,23,41,130,1,7,2,9,4,0,0,0,0,0,0,0,3520,54,0,0,1,0,0,0,0,1,0,0,0,0
41551,1,1,51,220,0,33,3,0,23,5,5,1,5,8,0,0,0,0,0,0,0,3700,59,2,0,0,0,1,0,0,1,0,0,0,0
62981,0,0,21,796,14,590,38,44,0,1,4,5,13,3,0,1,0,0,0,0,0,3850,56,0,0,0,0,1,0,0,0,0,1,0,0
9548,1,0,31,0,1,3,10,6,9,2,1,0,3,8,0,0,0,0,0,0,0,4071,47,1,1,0,0,0,0,1,0,0,0,0,0
33762,2,1,61,53,1,34,2,0,16,3,2,2,2,8,0,0,0,0,0,0,0,3738,64,3,0,0,0,1,0,0,1,0,0,0,0
35860,1,1,37,15,0,8,4,2,20,2,1,1,2,5,1,0,0,0,0,0,1,3422,50,2,0,0,0,1,1,0,0,0,0,0,0
36921,1,1,74,17,1,12,3,1,4,2,2,0,3,7,0,0,0,0,0,0,0,3717,58,2,0,0,0,1,0,1,0,0,0,0,0
92859,0,0,46,962,61,921,52,61,20,1,5,4,12,2,0,0,0,0,0,0,0,3999,31,0,0,0,1,0,0,0,0,1,0,0,0
65104,0,1,4,738,0,232,13,20,50,2,3,5,7,7,0,0,0,0,0,0,1,3608,47,1,0,0,1,0,0,0,0,0,1,0,0
86111,0,0,73,399,28,756,36,40,126,1,5,7,10,2,0,0,0,0,0,0,0,3817,61,0,0,1,0,0,0,0,1,0,0,0,0
68352,0,1,47,614,16,132,43,33,33,3,8,5,9,6,0,0,0,0,0,0,0,3686,49,1,0,0,0,1,0,0,0,1,0,0,0
41883,1,0,13,32,34,41,73,16,116,3,4,2,3,7,0,0,0,0,0,0,0,3848,35,1,0,1,0,0,0,0,0,0,1,0,0
59809,0,2,36,598,16,141,32,41,49,3,3,3,6,8,0,0,0,0,0,0,0,4000,47,2,0,1,0,0,0,0,1,0,0,0,0
23957,1,0,47,2,1,18,20,11,16,1,2,0,3,6,0,0,0,0,0,0,1,3990,48,1,0,1,0,0,0,0,1,0,0,0,0
38547,1,0,49,6,1,10,0,1,4,1,1,0,2,8,0,0,0,0,0,1,0,3686,42,1,0,1,0,0,0,0,0,0,1,0,0
35688,2,1,94,73,3,90,12,1,32,7,4,1,4,8,0,0,0,0,0,0,0,4057,50,3,0,0,0,0,0,0,1,0,0,0,0
49605,0,0,65,42,16,29,12,20,8,1,2,1,4,3,0,0,0,0,0,0,0,3389,57,0,0,0,1,0,0,0,1,0,0,0,0
59354,0,2,59,295,21,78,39,13,13,1,4,4,7,3,0,0,0,0,0,0,0,3447,70,2,0,0,1,0,0,0,1,0,0,0,0
65747,0,1,96,346,17,48,23,13,13,4,8,1,6,6,0,1,0,0,0,0,0,3495,54,1,0,1,0,0,0,0,1,0,0,0,0
46344,0,1,28,233,20,57,8,20,91,4,7,1,5,7,0,0,0,0,0,0,0,3943,51,1,0,0,0,0,0,0,0,0,1,0,0
34176,1,0,12,5,7,24,19,14,20,4,3,0,4,6,0,0,0,0,0,0,0,3429,35,1,0,1,0,0,1,0,0,0,0,0,0
61010,0,1,57,888,0,57,0,0,76,2,8,5,11,5,0,0,0,0,0,0,0,4009,71,1,0,0,0,1,0,0,0,0,1,0,0
69372,0,0,10,997,26,269,34,13,42,1,10,4,6,4,0,1,1,0,0,0,1,3876,74,0,0,1,0,0,0,0,0,0,1,0,0
49967,0,1,4,212,6,69,4,12,3,3,6,1,5,7,0,0,0,0,0,0,0,3737,65,1,0,1,0,0,0,0,0,1,0,0,0
60199,1,2,49,8,1,7,2,0,0,1,0,0,3,4,0,0,0,0,0,0,0,3671,45,3,0,1,0,0,0,0,0,1,0,0,0
55375,0,1,3,42,11,57,10,28,14,1,1,1,6,2,0,0,0,0,0,0,0,3636,46,1,0,1,0,0,0,0,0,0,1,0,0
80317,0,0,64,536,11,387,149,91,57,1,3,4,10,1,0,0,0,0,0,0,0,3694,68,0,0,1,0,0,0,0,0,1,0,0,0
30523,2,1,0,5,0,3,0,0,5,1,1,0,2,7,0,0,0,0,0,0,0,3744,65,3,0,0,1,0,0,0,0,1,0,0,0
70356,0,0,20,1349,16,249,43,16,33,2,10,6,9,6,0,0,0,0,0,0,0,3982,78,0,0,0,0,1,0,0,1,0,0,0,0
23228,1,0,91,53,3,49,7,4,5,4,3,0,4,8,0,0,0,0,0,0,0,3556,39,1,0,1,0,0,0,0,1,0,0,0,0
74165,0,0,9,1001,12,240,16,12,12,1,5,4,10,2,0,0,0,0,0,0,0,3805,48,0,0,0,0,1,0,1,0,0,0,0,0
157243,0,1,98,20,2,1582,1,2,1,15,0,22,0,0,0,0,0,0,0,0,0,3501,50,1,0,0,0,1,0,0,1,0,0,0,0
43482,2,1,83,18,1,32,6,3,28,3,2,0,4,6,0,0,0,0,0,0,0,3609,57,3,0,1,0,0,0,0,0,0,1,0,0
62551,0,0,27,125,16,98,134,21,27,1,6,7,4,3,1,0,0,0,0,0,0,3604,70,0,0,1,0,0,0,1,0,0,0,0,0
52332,0,0,63,212,5,33,7,0,2,1,3,2,6,4,0,1,0,0,0,0,0,3686,64,0,0,1,0,0,0,1,0,0,0,0,0
66951,0,0,46,277,162,305,173,76,124,1,3,4,7,1,0,0,0,0,0,0,0,3620,35,0,0,1,0,0,0,0,0,1,0,0,0
26091,1,1,84,15,10,19,8,17,20,3,2,1,3,5,0,0,0,0,0,0,0,3505,66,2,0,1,0,0,0,0,0,0,1,0,0
33456,1,1,58,7,3,10,8,1,7,2,1,0,3,7,0,0,0,0,0,0,0,3450,58,2,0,1,0,0,0,0,0,0,1,0,0
28718,1,0,78,12,4,6,11,8,16,2,2,0,3,8,0,0,0,0,0,0,0,3732,41,1,0,1,0,0,0,0,1,0,0,0,0
50447,2,0,4,85,7,24,2,3,27,1,3,1,3,6,0,0,0,0,0,0,0,3450,53,2,0,1,0,0,0,0,1,0,0,0,0
53537,1,1,17,81,0,6,0,0,6,2,2,1,3,5,0,0,0,0,0,0,0,3531,64,2,0,0,0,1,0,0,0,0,1,0,0
52074,0,1,77,59,0,12,0,0,48,1,2,2,2,4,1,0,0,0,0,0,0,3467,56,1,0,1,0,0,0,0,0,1,0,0,0
80427,0,1,56,1149,71,449,69,71,26,1,11,8,8,5,0,0,0,0,0,0,0,4036,48,1,0,0,0,1,0,0,1,0,0,0,0
83837,0,0,79,847,66,119,86,89,111,1,9,10,5,4,0,1,0,1,0,0,1,3941,75,0,0,0,0,1,0,0,1,0,0,0,0
38853,1,1,90,29,0,14,0,0,2,2,2,0,3,7,0,0,0,0,0,0,0,3418,53,2,0,0,0,1,0,0,1,0,0,0,0
38285,2,1,96,2,0,5,2,0,1,1,0,0,3,2,0,0,0,0,0,0,0,3386,64,3,0,1,0,0,0,0,0,0,1,0,0
78497,0,0,44,207,26,447,75,0,223,1,5,7,12,2,0,0,0,1,0,0,0,3591,72,0,0,0,0,0,0,0,1,0,0,0,0
51650,0,1,81,152,3,22,2,5,7,1,4,1,4,5,0,0,0,0,0,0,0,3430,47,1,0,0,0,1,0,0,1,0,0,0,0
16248,1,0,77,12,11,10,3,12,9,3,2,1,3,6,0,0,0,0,0,0,0,3431,35,1,0,0,0,0,0,0,1,0,0,0,0
66835,0,0,21,620,26,195,34,17,141,1,6,4,13,2,0,0,0,0,0,0,0,3655,77,0,0,0,1,0,0,0,1,0,0,0,0
30477,1,0,16,47,1,6,0,0,12,1,1,1,3,6,0,0,0,0,0,0,0,3539,39,1,0,0,1,0,0,0,1,0,0,0,0
28249,0,0,80,1,9,7,2,14,10,1,2,0,3,6,0,0,0,0,0,0,0,3395,62,0,1,0,0,0,0,0,1,0,0,0,0
25271,1,0,45,10,1,18,10,4,7,1,1,1,2,9,0,0,0,0,0,0,0,3952,40,1,0,1,0,0,0,0,1,0,0,0,0
32303,0,1,63,35,0,2,0,0,2,2,1,0,4,5,0,0,0,0,0,0,0,3494,53,1,0,0,0,1,0,0,0,1,0,0,0
61286,0,1,34,356,0,107,19,9,117,2,7,1,8,5,0,0,0,0,0,0,0,3712,57,1,0,1,0,0,0,0,1,0,0,0,0
74068,0,0,14,783,30,537,140,76,15,1,4,10,9,2,0,0,0,0,0,0,0,3848,47,0,0,1,0,0,0,0,1,0,0,0,0
45759,1,1,13,42,1,18,3,0,4,2,2,0,3,7,0,0,0,0,0,0,0,3872,59,2,0,0,0,1,0,0,1,0,0,0,0
24882,1,0,52,1,4,10,29,0,36,1,1,1,2,6,1,0,0,0,0,0,0,4039,45,1,1,0,0,0,0,0,0,0,1,0,0
66973,0,0,98,466,22,432,147,113,102,1,8,7,12,3,0,0,0,0,0,0,0,3789,34,0,0,0,0,1,0,0,0,0,1,0,0
36640,1,0,99,15,6,8,7,4,25,1,2,1,2,5,0,0,0,0,0,1,0,3657,123,1,0,0,0,0,0,1,0,0,0,0,0
38872,1,0,93,23,3,21,3,19,22,2,3,0,3,8,0,0,0,0,0,0,0,3776,35,1,0,1,0,0,0,0,1,0,0,0,0
51148,1,1,38,235,6,45,8,9,12,4,5,1,6,6,0,0,0,0,0,0,0,3877,50,2,0,1,0,0,0,0,1,0,0,0,0
31353,1,1,24,10,0,10,3,1,7,2,1,1,2,8,0,0,0,0,0,0,0,3563,46,2,0,1,0,0,0,0,1,0,0,0,0
69661,0,0,80,656,16,106,32,16,8,1,7,3,12,3,0,0,0,0,0,0,0,3428,43,0,0,0,1,0,0,0,1,0,0,0,0
80067,0,0,82,519,17,813,27,173,51,1,4,6,6,2,0,0,1,0,0,0,0,3664,69,0,0,1,0,0,0,0,1,0,0,0,0
86718,0,0,20,344,189,482,50,33,172,1,5,6,5,2,0,0,0,0,0,0,0,3909,69,0,0,1,0,0,0,0,1,0,0,0,0
46854,1,1,81,96,1,79,7,1,79,6,5,1,3,8,1,0,0,0,0,0,1,3471,50,2,0,0,0,1,0,0,0,1,0,0,0
69142,0,1,50,448,4,34,6,4,39,3,8,1,7,5,0,1,0,0,0,0,0,3381,71,1,0,1,0,0,0,1,0,0,0,0,0
75922,0,0,60,265,138,553,224,23,92,1,4,4,9,1,0,0,0,0,0,0,0,3583,55,0,0,1,0,0,0,0,0,1,0,0,0
63693,0,1,63,587,43,337,42,87,54,3,11,6,9,6,0,0,0,0,0,0,0,3639,45,1,0,1,0,0,0,1,0,0,0,0,0
102160,0,0,54,763,29,138,76,176,58,0,7,9,10,4,0,1,1,1,0,0,1,3985,46,0,0,0,0,1,0,0,0,0,1,0,0
40637,1,1,72,22,0,13,0,0,3,2,1,0,3,7,0,0,0,0,0,0,0,3728,58,2,0,0,0,1,0,0,0,1,0,0,0
18890,0,0,5,6,4,1,7,2,15,1,0,1,2,6,1,0,0,0,0,0,1,3977,39,0,0,0,1,0,0,0,0,1,0,0,0
29604,1,0,88,7,6,13,7,6,14,1,1,0,3,9,1,0,0,0,0,0,0,3584,35,1,0,1,0,0,0,0,0,0,1,0,0
48721,1,1,50,81,18,113,47,13,21,6,4,2,5,6,0,0,0,0,0,0,0,3793,60,2,0,0,1,0,0,1,0,0,0,0,0
44794,0,1,99,54,0,7,0,0,4,1,2,0,3,6,0,0,0,0,0,0,0,3402,57,1,0,1,0,0,0,0,1,0,0,0,0
64497,0,1,17,1170,48,320,42,32,192,5,11,4,9,8,1,0,0,0,0,0,1,4038,69,1,0,1,0,0,0,1,0,0,0,0,0
46097,0,1,11,72,24,68,65,4,8,5,3,1,6,4,0,0,0,0,0,0,0,3836,67,1,0,1,0,0,0,0,0,0,1,0,0
77972,0,0,18,613,22,319,33,102,12,1,4,6,9,1,0,0,0,0,0,0,0,3484,69,0,0,1,0,0,0,0,0,0,1,0,0
44377,1,1,70,224,0,30,0,0,10,8,5,1,5,8,0,0,0,0,0,0,0,4013,55,2,0,0,0,1,0,0,1,0,0,0,0
46014,1,1,21,410,0,59,19,9,44,10,7,1,8,7,0,0,0,0,0,0,0,3905,49,2,0,0,1,0,0,0,0,0,1,0,0
70951,0,0,66,239,10,554,254,87,54,1,3,4,9,1,0,0,0,0,0,0,0,3802,38,0,0,1,0,0,0,0,1,0,0,0,0
41443,1,0,79,171,7,171,25,19,89,6,8,1,5,8,0,0,0,0,0,0,0,3470,46,1,0,1,0,0,0,0,1,0,0,0,0
52195,2,1,2,12,0,4,0,0,1,1,1,0,2,8,0,0,0,0,0,0,0,3429,45,3,0,0,0,0,0,0,0,1,0,0,0
83790,0,0,81,1076,16,417,42,48,16,1,8,10,6,3,0,1,1,0,0,0,0,3607,75,0,0,0,1,0,0,0,1,0,0,0,0
44551,0,1,24,182,4,33,0,0,66,2,4,1,5,7,0,0,0,0,0,0,0,3683,69,1,0,0,1,0,0,0,0,0,0,1,0
69508,1,0,48,824,32,162,42,32,43,2,11,4,11,6,0,0,0,0,0,0,0,3973,43,1,0,1,0,0,0,0,0,0,1,0,0
45204,1,0,93,30,11,25,29,1,18,1,1,1,4,3,0,0,0,0,0,0,0,3460,35,1,0,0,0,0,0,0,0,0,1,0,0
72460,0,0,56,377,10,540,80,30,10,1,3,5,7,1,0,0,0,0,0,0,0,3608,54,0,0,1,0,0,0,0,1,0,0,0,0
77622,0,2,3,520,7,154,19,0,14,2,6,3,11,3,0,0,0,0,0,0,0,3457,53,2,0,0,0,1,0,0,0,0,1,0,0
30732,1,0,44,155,1,25,0,1,3,4,4,1,4,8,0,0,0,0,0,0,0,3921,43,1,0,0,0,1,0,0,1,0,0,0,0
63887,0,1,38,897,23,207,15,11,92,5,9,6,12,6,0,0,0,0,0,0,0,4040,61,1,0,1,0,0,0,1,0,0,0,0,0
42011,1,0,46,131,0,16,2,1,39,4,3,1,4,8,0,0,0,0,0,0,0,3841,45,1,0,1,0,0,0,0,0,0,1,0,0
51369,0,1,84,297,7,79,0,11,182,2,8,2,4,8,0,0,0,0,0,0,0,3993,47,1,0,1,0,0,0,0,0,0,1,0,0
51537,0,1,27,787,20,204,0,0,92,3,2,2,11,8,0,0,0,0,0,0,0,3948,71,1,0,1,0,0,0,1,0,0,0,0,0
79930,0,0,72,792,86,740,67,51,17,1,3,5,8,2,0,0,0,0,0,0,0,4071,51,0,0,0,0,1,0,0,1,0,0,0,0
34320,1,0,66,4,1,9,3,0,0,1,1,0,2,8,0,0,0,0,0,0,0,3514,37,1,0,0,0,1,0,0,0,0,1,0,0
37070,1,1,30,231,7,137,4,15,39,9,5,1,8,7,0,0,0,0,0,0,1,3847,57,2,0,1,0,0,0,0,0,1,0,0,0
81975,0,1,2,983,76,184,180,138,27,1,6,3,4,7,0,0,1,0,0,0,0,3921,61,1,0,0,0,0,0,1,0,0,0,0,0
38590,1,0,65,3,1,8,4,3,3,1,1,0,2,8,0,0,0,0,0,0,0,3791,52,1,0,1,0,0,0,0,0,0,1,0,0
15033,0,0,37,0,4,5,6,0,4,1,1,0,3,3,0,0,0,0,0,0,0,3455,72,0,0,1,0,0,0,0,0,1,0,0,0
62745,0,1,89,562,21,464,28,10,32,3,7,8,11,5,0,0,0,0,0,0,0,3844,58,1,0,0,0,1,0,0,1,0,0,0,0
22212,1,0,49,5,9,20,6,8,21,2,2,0,4,6,0,0,0,0,0,0,0,3583,48,1,0,0,0,0,0,0,1,0,0,0,0
23661,1,0,46,18,0,4,0,0,1,1,1,0,3,7,0,0,0,0,0,0,0,3588,41,1,0,0,1,0,0,0,0,0,1,0,0
79761,0,1,32,415,5,124,15,35,11,1,5,2,11,3,0,0,0,0,0,0,0,3649,65,1,0,0,0,1,0,0,0,1,0,0,0
7500,1,0,54,5,3,10,12,7,20,4,3,1,3,7,0,0,0,0,0,0,0,3566,50,1,0,1,0,0,0,0,0,1,0,0,0
60182,0,1,23,8,0,5,7,0,2,1,1,0,2,4,0,0,0,0,0,0,0,3424,130,1,0,0,0,0,0,0,0,1,0,0,0
73455,0,0,98,901,61,757,186,163,20,1,6,5,10,3,0,1,0,0,0,0,0,3625,55,0,0,1,0,0,0,0,0,0,0,1,0
64961,0,1,97,382,114,276,75,124,38,2,6,4,4,3,0,0,0,0,0,0,0,3934,65,1,0,1,0,0,0,0,0,0,1,0,0
22804,1,0,75,14,1,7,2,1,1,1,2,0,2,9,0,0,0,0,0,0,0,3714,52,1,0,1,0,0,0,0,0,1,0,0,0
73687,0,0,8,559,153,503,218,13,181,1,3,9,9,2,0,0,0,1,0,0,1,3594,33,0,0,1,0,0,0,0,1,0,0,0,0
61074,0,1,37,789,0,133,0,28,152,7,11,5,8,7,0,0,0,0,0,0,0,4062,65,1,0,1,0,0,0,0,1,0,0,0,0
31686,1,1,31,11,0,5,0,0,1,2,1,0,3,6,0,0,0,0,0,0,0,3405,59,2,0,0,0,1,0,0,1,0,0,0,0
80134,1,0,40,1218,16,272,104,0,80,2,5,3,6,6,0,1,1,1,0,0,1,3786,51,1,0,1,0,0,0,0,1,0,0,0,0
75027,0,1,74,925,64,179,133,12,77,2,9,4,6,5,0,0,0,0,0,0,0,3917,70,1,0,1,0,0,0,0,1,0,0,0,0
67546,0,0,90,864,134,768,150,38,172,1,4,10,5,3,0,0,0,0,0,0,0,4048,35,0,0,0,0,1,0,0,1,0,0,0,0
65176,0,1,57,960,28,183,220,70,70,4,9,6,6,6,0,0,0,0,0,0,0,3989,54,1,0,0,1,0,0,0,0,0,1,0,0
31160,1,0,59,16,3,25,6,1,13,2,2,0,3,8,0,0,0,0,0,0,0,3667,48,1,0,0,1,0,0,0,0,1,0,0,0
29938,1,0,52,3,3,7,0,2,11,2,1,0,3,6,0,0,0,0,0,0,0,3626,38,1,0,1,0,0,0,0,0,1,0,0,0
102692,0,0,5,168,148,444,32,172,148,1,6,9,13,2,0,1,1,1,1,0,1,3831,49,0,0,1,0,0,0,1,0,0,0,0,0
26490,0,0,92,45,47,52,21,20,25,2,3,1,5,6,0,0,0,0,0,0,0,4026,65,0,0,0,0,0,0,0,0,0,1,0,0
75702,1,1,77,650,28,353,45,42,30,5,4,6,11,8,0,0,0,0,0,0,0,4050,56,2,0,1,0,0,0,0,0,0,1,0,0
30899,1,0,35,24,0,8,0,0,1,2,1,0,3,6,0,0,0,0,0,0,0,4005,49,1,0,0,0,1,0,0,0,1,0,0,0
63342,0,1,48,918,21,118,13,10,21,3,8,3,5,6,0,1,0,0,0,0,0,4002,62,1,0,0,0,1,0,0,0,0,1,0,0
45989,0,1,97,138,33,87,28,24,12,4,3,2,7,3,0,0,0,0,0,0,0,3996,59,1,0,1,0,0,0,0,0,1,0,0,0
18701,1,1,95,12,4,2,10,6,10,4,2,0,4,5,0,0,0,0,0,0,0,3771,59,2,0,1,0,0,0,0,0,1,0,0,0
40737,2,1,24,11,0,4,0,0,2,1,1,0,2,8,0,0,0,0,0,0,0,3584,66,3,0,0,0,1,0,0,0,1,0,0,0
15287,1,0,60,1,2,8,4,3,13,2,1,1,2,7,1,0,0,0,0,0,1,4008,44,1,0,1,0,0,0,1,0,0,0,0,0
69674,0,2,46,554,41,215,11,0,24,3,10,2,10,5,0,0,0,0,0,0,0,3784,55,2,0,0,0,1,0,1,0,0,0,0,0
44159,1,0,85,167,2,62,24,13,7,4,4,1,6,5,0,0,0,0,0,0,0,3393,53,1,0,0,1,0,0,0,1,0,0,0,0
37717,1,0,31,9,0,6,4,1,5,1,1,0,2,9,0,0,0,0,0,0,0,3964,45,1,0,0,0,1,0,0,1,0,0,0,0
43776,1,1,9,177,2,71,3,2,20,6,5,2,4,8,0,0,0,0,0,0,1,3892,71,2,0,0,1,0,0,0,0,0,1,0,0
38179,1,1,30,38,4,22,4,2,20,4,3,1,3,7,0,0,0,0,0,0,0,3853,57,2,0,0,1,0,0,0,1,0,0,0,0
80124,0,0,47,483,84,398,205,84,241,1,3,7,8,1,1,0,0,0,0,0,0,3384,60,0,0,1,0,0,0,0,1,0,0,0,0
38097,1,1,70,77,2,35,0,1,69,4,3,2,2,7,1,0,0,0,0,0,1,4003,53,2,0,0,0,1,0,0,1,0,0,0,0
72940,0,0,13,182,74,298,162,149,116,1,3,3,6,1,0,0,0,0,0,0,0,3756,53,0,0,1,0,0,0,0,1,0,0,0,0
22070,1,0,11,10,7,19,8,2,21,2,2,2,2,6,0,0,0,0,0,0,0,3649,53,1,0,1,0,0,0,0,0,0,1,0,0
69267,0,0,31,778,44,499,95,73,146,2,3,4,5,7,0,0,0,0,0,0,1,4026,70,0,0,1,0,0,0,0,0,1,0,0,0
31788,1,0,15,16,7,23,0,8,6,3,3,0,4,5,0,0,0,0,0,1,0,3482,40,1,0,0,1,0,0,0,0,1,0,0,0
61905,0,1,2,167,0,43,6,2,13,2,4,2,4,5,0,0,0,0,0,0,0,3526,48,1,0,0,0,1,0,0,0,0,1,0,0
29315,1,1,55,13,2,14,8,7,4,4,2,0,4,6,0,0,0,0,0,0,0,3465,63,2,0,1,0,0,0,0,1,0,0,0,0
33378,1,1,38,33,6,40,3,7,10,3,2,0,4,7,0,0,0,0,0,0,0,3889,60,2,0,1,0,0,0,1,0,0,0,0,0
66313,0,1,86,625,7,99,10,22,7,2,6,3,12,4,0,0,0,0,0,0,0,3667,60,1,0,0,0,1,0,0,0,0,1,0,0
60714,0,0,56,216,162,224,101,92,162,2,7,4,10,5,0,0,0,0,0,0,1,3909,67,0,0,1,0,0,0,0,0,1,0,0,0
77882,0,0,29,68,129,396,188,22,15,1,3,3,5,1,0,0,0,0,0,0,0,3441,42,0,0,0,1,0,0,0,0,0,1,0,0
69867,0,0,30,196,0,512,33,130,54,1,3,5,8,1,0,0,0,1,0,0,1,3834,37,0,0,0,0,1,0,0,0,1,0,0,0
63841,0,1,64,635,15,100,20,7,131,1,9,3,9,6,0,0,0,0,0,0,0,3815,55,1,0,0,1,0,0,1,0,0,0,0,0
24480,1,0,46,4,19,9,28,25,17,3,3,0,4,7,0,0,0,0,0,0,0,3884,42,1,1,0,0,0,0,0,1,0,0,0,0
51369,0,1,84,297,7,79,0,11,182,2,8,2,4,8,0,0,0,0,0,0,0,3993,47,1,0,1,0,0,0,0,0,0,1,0,0
37760,0,0,20,84,5,38,150,12,28,2,4,1,6,7,0,0,0,0,0,0,0,4048,77,0,0,1,0,0,0,0,0,0,1,0,0
65640,0,1,74,204,7,149,20,15,66,1,5,1,8,2,0,0,0,0,0,0,0,3501,49,1,0,0,0,1,0,0,0,0,1,0,0
44319,1,1,18,26,0,8,0,0,3,2,2,0,3,5,0,0,0,0,0,0,0,3454,48,2,0,0,1,0,0,0,1,0,0,0,0
30631,1,0,75,15,6,20,4,5,20,1,3,1,2,7,0,0,0,0,0,0,0,3733,49,1,0,1,0,0,0,0,1,0,0,0,0
75278,0,0,17,304,98,230,150,74,74,1,6,3,13,3,0,0,0,0,0,0,0,3897,71,0,0,1,0,0,0,0,0,0,1,0,0
50898,1,1,88,285,28,242,55,114,135,13,6,2,12,5,0,0,0,0,0,0,0,3918,67,2,0,0,1,0,0,0,0,0,1,0,0
79946,0,0,19,395,183,565,166,141,28,1,5,11,5,3,0,0,0,0,0,0,0,3429,57,0,0,1,0,0,0,0,0,0,0,1,0
35416,0,0,62,248,3,81,4,3,51,3,7,1,5,8,0,0,0,0,0,0,0,3762,74,0,0,0,1,0,0,1,0,0,0,0,0
32414,0,0,11,20,6,5,0,9,12,1,1,0,3,7,1,0,0,0,0,0,0,3741,39,0,0,0,0,0,0,0,0,0,1,0,0
38361,1,0,74,39,0,56,20,8,14,3,3,1,3,7,0,0,0,0,0,0,0,3565,54,1,0,1,0,0,0,0,0,0,1,0,0
82497,0,0,32,777,129,573,216,21,203,1,2,7,9,4,0,0,1,0,0,0,0,3987,43,0,0,1,0,0,0,0,1,0,0,0,0
16626,2,0,76,8,3,22,21,1,13,3,3,0,3,9,0,0,0,0,0,0,0,3546,52,2,0,1,0,0,0,0,0,0,1,0,0
29672,1,1,6,9,1,3,0,4,8,1,0,0,3,6,0,0,0,0,0,0,0,3855,58,2,0,1,0,0,0,0,0,0,1,0,0
55951,0,1,62,1241,0,80,0,13,40,3,3,6,11,8,0,1,0,0,1,0,0,4056,71,1,0,0,1,0,0,0,0,0,1,0,0
35388,1,0,20,6,4,7,4,3,8,1,1,0,3,7,0,0,0,0,0,0,0,3860,35,1,0,0,0,0,0,1,0,0,0,0,0
42386,1,0,43,65,4,16,0,4,11,1,3,0,3,8,0,0,0,0,0,0,0,3913,37,1,0,0,1,0,0,0,0,0,1,0,0
68627,0,0,45,395,15,263,60,54,38,1,2,3,6,1,0,0,0,0,0,0,0,3914,41,0,0,1,0,0,0,0,0,1,0,0,0
57912,0,1,34,801,0,80,0,0,35,5,8,3,12,5,0,1,0,0,0,0,0,3485,58,1,0,0,0,1,0,1,0,0,0,0,0
35246,1,1,53,36,0,12,2,2,10,4,3,1,3,5,0,0,0,0,0,0,0,3455,65,2,0,1,0,0,0,1,0,0,0,0,0
58821,0,1,44,513,14,154,19,0,28,1,9,2,9,6,0,0,0,0,0,0,0,3641,67,1,0,0,0,0,0,0,0,0,1,0,0
46377,1,0,89,37,0,46,4,3,0,1,2,1,3,4,0,0,0,0,0,0,0,3501,45,1,0,0,0,1,0,0,1,0,0,0,0
39747,1,0,43,80,15,93,20,13,52,3,5,1,4,8,0,0,0,0,0,0,0,3458,35,1,0,1,0,0,0,0,0,1,0,0,0
23976,1,0,68,14,1,21,2,3,25,3,3,1,3,7,0,0,0,0,0,0,0,3565,39,1,0,1,0,0,0,0,0,0,1,0,0
80950,0,0,44,525,147,112,219,147,63,1,6,7,9,2,0,0,0,1,0,0,0,3839,62,0,0,0,1,0,0,0,1,0,0,0,0
27038,0,0,64,1,26,25,17,23,15,1,3,0,3,9,0,0,0,0,0,0,1,4030,57,0,0,1,0,0,0,0,0,0,0,1,0
77457,0,0,85,675,11,400,15,45,11,1,2,5,10,1,0,0,1,0,0,0,0,3497,76,0,0,1,0,0,0,0,0,1,0,0,0
64100,0,1,93,509,0,27,0,0,10,1,8,3,6,7,0,1,0,0,0,0,0,3673,59,1,0,0,1,0,0,0,1,0,0,0,0
42670,0,0,12,154,2,46,20,4,15,1,4,2,4,4,0,0,0,0,0,0,0,3809,31,0,0,0,1,0,0,0,0,0,1,0,0
12571,1,0,86,3,5,14,2,12,17,4,3,1,3,6,0,0,0,0,0,0,0,3543,47,1,0,1,0,0,0,1,0,0,0,0,0
22574,2,1,28,25,0,8,2,0,2,2,2,0,3,7,0,0,0,0,0,0,0,3625,56,3,0,1,0,0,0,0,1,0,0,0,0
70893,0,0,42,768,44,561,77,44,14,1,6,6,10,3,0,0,0,0,0,0,0,3889,47,0,0,0,1,0,0,0,0,1,0,0,0
54198,1,1,13,185,0,28,3,2,17,6,3,1,6,4,0,0,0,0,0,0,0,3575,57,2,0,1,0,0,0,0,1,0,0,0,0
28839,1,1,86,24,0,7,0,0,1,2,2,0,3,5,0,0,0,0,0,0,0,3491,67,2,0,0,1,0,0,0,0,0,1,0,0
40321,1,1,59,44,4,21,6,0,27,2,3,0,3,7,0,0,0,0,0,0,0,3716,51,2,0,1,0,0,0,0,1,0,0,0,0
66503,1,0,30,91,64,128,65,3,50,2,4,3,6,3,0,0,0,0,0,0,0,4065,38,1,0,1,0,0,0,0,0,1,0,0,0
30833,1,1,33,11,0,7,3,1,6,2,1,0,3,5,0,0,0,0,0,0,0,3729,72,2,0,1,0,0,0,0,1,0,0,0,0
64795,0,1,23,412,5,119,38,29,77,3,3,3,12,2,0,0,0,0,0,0,0,3909,52,1,0,1,0,0,0,0,1,0,0,0,0
34421,1,0,81,3,3,7,6,2,9,1,1,0,2,7,0,0,0,0,0,0,0,3744,49,1,0,1,0,0,0,0,1,0,0,0,0
47025,1,1,6,16,0,3,0,0,1,1,1,0,2,7,0,0,0,0,0,0,0,3521,58,2,0,0,0,1,0,1,0,0,0,0,0
64325,0,1,41,731,60,353,78,12,73,5,10,3,5,7,0,0,0,0,0,0,0,3888,62,1,0,0,0,1,0,1,0,0,0,0,0
40464,0,1,78,424,17,118,7,23,41,6,8,2,8,8,0,0,0,0,0,0,0,3915,70,1,0,1,0,0,0,0,0,1,0,0,0
62187,0,0,49,792,0,275,45,45,126,1,4,8,5,3,0,0,0,0,0,0,0,3740,66,0,0,1,0,0,0,0,1,0,0,0,0
14849,1,0,39,21,2,28,3,2,9,3,2,0,4,8,0,0,0,0,0,0,0,3743,47,1,0,0,0,1,0,1,0,0,0,0,0
27255,1,0,3,22,1,11,0,1,2,1,1,0,3,7,0,0,0,0,0,0,0,3615,39,1,0,1,0,0,0,0,1,0,0,0,0
54432,2,1,37,33,0,5,0,0,0,1,1,0,3,4,0,0,0,0,0,0,0,3797,73,3,0,0,0,1,0,0,1,0,0,0,0
29999,1,0,22,68,7,59,10,5,11,4,3,1,4,8,0,0,0,0,0,0,0,3882,37,1,0,0,0,1,0,0,0,1,0,0,0
24072,1,0,79,9,1,6,3,0,4,1,1,0,2,8,0,0,0,0,0,0,0,3820,40,1,0,1,0,0,0,0,0,1,0,0,0
33996,0,0,46,40,2,15,8,0,6,1,1,1,3,4,0,0,0,0,0,0,0,3672,34,0,0,0,0,1,0,0,0,1,0,0,0
66334,0,1,82,909,11,218,0,0,23,2,9,3,5,5,0,0,0,0,0,0,1,3833,67,1,0,0,0,1,0,0,1,0,0,0,0
35178,1,0,10,23,1,13,2,2,18,1,1,1,2,7,1,0,0,0,0,0,1,3916,52,1,0,0,1,0,0,0,1,0,0,0,0
22010,1,0,51,11,2,9,3,0,8,2,2,0,3,8,0,0,0,0,0,0,0,3745,40,1,0,1,0,0,0,0,0,0,1,0,0
62204,0,2,38,317,46,247,151,46,139,1,4,5,12,3,0,0,0,0,0,0,0,4036,63,2,0,1,0,0,0,1,0,0,0,0,0
75693,0,0,10,797,153,293,72,97,30,1,11,4,6,4,0,1,1,1,0,0,1,3951,55,0,0,1,0,0,0,1,0,0,0,0,0
30675,1,0,14,10,2,16,11,2,21,1,1,0,3,8,0,0,0,0,0,0,0,3975,51,1,0,1,0,0,0,0,1,0,0,0,0
83003,0,0,18,856,61,570,40,25,122,1,7,6,8,3,0,0,1,0,0,0,1,3864,58,0,0,1,0,0,0,0,0,0,1,0,0
83532,0,0,36,755,144,562,104,64,224,1,4,6,4,1,0,0,1,0,0,0,0,3657,124,0,0,0,0,1,0,0,0,0,1,0,0
68655,0,0,95,456,19,832,75,118,38,1,4,5,11,3,0,0,0,0,0,0,0,4069,35,0,0,1,0,0,0,0,0,1,0,0,0
41411,0,0,11,37,32,38,11,3,18,1,2,1,4,6,0,0,0,0,0,0,0,3585,37,0,0,1,0,0,0,1,0,0,0,0,0
55212,0,1,65,1103,0,45,0,0,34,3,4,2,11,8,0,1,0,0,1,0,0,3964,54,1,0,0,0,1,0,0,1,0,0,0,0
59292,0,1,71,378,14,68,19,14,14,2,3,5,8,3,0,0,0,0,0,0,0,3762,73,1,0,0,0,1,0,0,0,0,1,0,0
27190,1,0,13,1,6,7,0,1,3,1,1,0,2,8,1,0,0,0,0,0,1,3699,50,1,1,0,0,0,0,0,0,0,1,0,0
82623,0,0,58,204,34,204,172,153,173,1,2,9,4,1,0,0,0,0,0,0,0,3612,71,0,0,1,0,0,0,1,0,0,0,0,0
44300,1,1,65,30,0,9,0,0,3,2,1,0,3,6,0,0,0,0,0,0,0,3752,58,2,0,1,0,0,0,0,1,0,0,0,0
84835,0,0,0,189,104,379,111,189,218,1,4,4,6,1,0,0,0,0,0,0,1,3394,53,0,0,1,0,0,0,1,0,0,0,0,0
30372,1,1,33,15,0,12,7,3,7,3,2,0,3,7,0,0,0,0,0,0,0,3932,52,2,0,1,0,0,0,0,0,0,0,1,0
33181,1,0,90,9,0,3,0,0,4,1,1,0,2,6,1,0,0,0,0,0,0,3558,47,1,0,0,1,0,0,0,1,0,0,0,0
71113,0,1,95,495,33,255,11,33,8,4,6,7,9,4,0,0,0,0,0,0,0,3575,66,1,0,1,0,0,0,0,1,0,0,0,0
71952,1,0,93,656,80,455,52,107,93,2,8,4,8,4,1,0,1,0,0,0,0,3916,37,1,0,1,0,0,0,0,1,0,0,0,0
69759,0,0,38,452,20,514,13,30,0,3,4,6,5,3,0,0,0,0,0,0,1,3625,57,0,0,0,0,1,0,0,0,1,0,0,0
72099,0,0,18,546,91,410,119,0,22,1,3,4,10,1,0,0,0,0,0,0,0,3991,49,0,0,1,0,0,0,0,1,0,0,0,0
60000,0,1,57,1048,0,217,0,0,12,5,11,3,5,6,0,0,0,0,0,0,0,3935,47,1,0,0,0,1,0,0,0,1,0,0,0
38643,1,1,45,22,2,14,0,1,10,2,2,0,3,7,0,0,0,0,0,1,0,3593,45,2,0,1,0,0,0,0,0,1,0,0,0
50737,0,1,61,78,0,11,0,0,10,1,2,0,4,6,0,1,0,0,0,0,0,3795,68,1,0,1,0,0,0,0,1,0,0,0,0
68462,0,0,6,561,64,785,84,128,48,1,3,3,8,1,0,0,0,0,0,0,0,3945,54,0,0,0,0,1,0,0,1,0,0,0,0
65073,0,0,65,629,17,177,69,0,8,1,5,3,5,2,0,0,0,0,0,1,0,3694,80,0,0,0,1,0,0,0,1,0,0,0,0
46681,0,2,52,269,15,69,15,19,38,2,4,6,4,5,0,0,0,0,0,0,0,3645,75,2,0,0,0,1,0,0,0,0,1,0,0
78618,0,0,87,736,163,818,212,163,61,1,4,7,10,2,0,1,0,0,0,0,0,4020,66,0,0,1,0,0,0,0,1,0,0,0,0
62187,0,1,38,512,0,83,0,0,41,3,6,2,10,4,0,0,0,0,0,0,0,3480,54,1,0,0,0,1,0,0,0,0,0,1,0
28442,2,0,53,19,3,10,11,8,6,3,2,1,4,4,0,0,0,0,0,0,0,3506,45,2,0,1,0,0,0,0,1,0,0,0,0
37717,1,0,31,9,0,6,4,1,5,1,1,0,2,9,0,0,0,0,0,0,0,3964,45,1,0,0,0,1,0,0,1,0,0,0,0
51479,1,1,67,247,8,160,6,8,65,7,6,3,6,7,0,0,0,0,0,0,0,3929,56,2,0,1,0,0,0,0,1,0,0,0,0
54803,0,1,65,404,0,92,28,27,142,2,6,2,9,4,0,0,0,0,0,0,0,4058,54,1,0,1,0,0,0,0,0,1,0,0,0
79530,0,0,64,333,0,815,129,42,29,1,4,10,11,2,0,0,0,0,0,0,0,3789,63,0,0,1,0,0,0,0,1,0,0,0,0
31615,1,0,82,2,3,20,6,11,9,2,2,0,3,7,0,0,0,0,0,0,0,3851,47,1,0,1,0,0,0,1,0,0,0,0,0
72025,0,0,27,833,33,549,151,133,233,1,4,3,8,3,0,0,0,0,0,0,0,3970,61,0,0,1,0,0,0,0,0,0,1,0,0
52614,0,1,63,789,0,142,12,9,38,2,2,4,8,8,0,0,0,0,0,0,0,3956,48,1,0,0,0,1,0,0,0,1,0,0,0
35684,1,0,66,10,4,7,0,6,3,1,1,0,3,6,0,0,0,0,0,0,0,3449,39,1,0,0,0,0,0,0,1,0,0,0,0
48178,1,1,69,159,4,45,6,2,38,6,5,1,4,8,0,0,0,0,0,0,0,3990,48,2,0,1,0,0,0,0,1,0,0,0,0
29548,1,0,52,7,1,6,3,1,11,1,1,1,2,4,1,0,0,0,0,0,0,3685,53,1,0,0,1,0,0,0,0,1,0,0,0
63810,0,1,45,977,12,253,16,12,101,4,4,3,12,8,0,1,0,0,0,0,0,3976,57,1,0,1,0,0,0,0,0,1,0,0,0
38578,1,1,2,38,4,22,3,3,3,3,3,0,3,8,0,0,0,0,0,0,1,3753,51,2,0,0,0,1,0,0,0,1,0,0,0
46098,1,1,86,57,0,27,0,0,36,4,3,2,2,8,0,0,0,0,0,0,0,4061,48,2,0,0,1,0,0,0,0,1,0,0,0
22585,0,0,23,3,9,15,13,2,39,1,1,1,2,9,1,0,0,0,0,0,1,3849,53,0,0,1,0,0,0,0,0,1,0,0,0
30279,1,0,13,10,4,14,4,4,1,1,1,0,3,8,0,0,0,0,0,0,0,3927,34,1,0,1,0,0,0,0,0,1,0,0,0
66426,0,1,14,1043,24,97,32,24,157,2,3,5,10,6,0,0,0,0,0,0,0,3651,62,1,0,0,0,1,0,0,0,0,1,0,0
30822,1,0,92,3,9,13,2,12,12,1,1,0,3,7,0,0,0,0,0,0,0,3761,54,1,0,1,0,0,0,0,0,1,0,0,0
33581,2,0,38,11,0,5,0,0,1,1,1,0,2,8,0,0,0,0,0,0,0,3918,54,2,0,0,0,1,0,0,1,0,0,0,0
19986,1,0,74,3,6,5,0,2,6,1,0,0,3,7,0,0,0,0,0,0,0,3608,38,1,0,1,0,0,0,0,1,0,0,0,0
27421,0,0,14,43,12,96,78,40,55,3,4,1,6,7,0,0,0,0,0,0,0,3945,69,0,0,1,0,0,0,0,0,0,0,1,0
35688,2,1,94,73,3,90,12,1,32,7,4,1,4,8,0,0,0,0,0,0,0,4057,50,3,0,0,0,0,0,0,1,0,0,0,0
36143,1,0,33,12,0,1,0,0,6,1,0,1,2,3,0,0,0,0,0,0,0,3472,42,1,0,0,1,0,0,0,0,1,0,0,0
10245,1,0,32,4,7,7,6,4,13,3,1,2,2,5,0,0,0,0,0,0,0,3791,52,1,0,1,0,0,0,0,0,1,0,0,0
43795,0,1,11,314,11,53,4,3,107,3,7,3,4,7,0,1,0,0,0,0,1,3637,55,1,0,0,1,0,0,0,0,0,1,0,0
63381,0,1,78,571,50,142,33,50,159,4,4,5,13,2,0,0,0,0,0,0,0,4013,63,1,0,1,0,0,0,0,0,0,1,0,0
38823,0,1,56,70,0,11,2,8,23,1,2,1,3,6,0,0,0,0,0,0,0,4049,74,1,0,1,0,0,0,0,0,0,1,0,0
83664,1,1,57,866,21,151,28,21,86,3,2,2,12,5,0,0,0,0,0,0,0,3798,55,2,0,0,0,1,0,1,0,0,0,0,0
90300,0,0,7,594,134,786,33,134,57,0,5,6,8,1,0,0,1,0,0,0,0,3558,44,0,0,1,0,0,0,0,0,0,1,0,0
62499,1,0,0,140,4,61,0,13,4,2,3,1,6,4,0,0,0,0,0,0,0,3583,44,1,0,0,1,0,0,0,0,0,1,0,0
74293,0,0,66,375,152,335,93,91,81,1,5,4,6,2,0,0,0,0,0,0,0,3437,30,0,0,1,0,0,0,0,0,1,0,0,0
51012,0,0,86,102,9,63,2,9,24,1,4,1,4,6,0,0,0,0,0,0,0,3818,77,0,0,0,0,1,0,0,1,0,0,0,0
70777,0,1,80,554,35,113,0,7,78,3,5,3,12,3,0,0,0,0,0,0,0,3505,55,1,0,0,1,0,0,0,1,0,0,0,0
68682,0,0,56,919,0,505,99,30,45,1,4,9,10,2,0,0,0,0,0,0,0,3647,32,0,0,0,0,1,0,0,0,0,1,0,0
43824,1,1,18,96,1,42,12,3,32,4,3,1,4,8,0,0,0,0,0,0,0,4033,52,2,0,1,0,0,0,0,1,0,0,0,0
15345,1,0,51,5,2,16,3,2,19,2,1,1,2,8,0,0,0,0,0,0,1,4048,39,1,0,1,0,0,0,0,0,0,1,0,0
23442,1,0,71,2,0,6,8,6,5,1,1,0,3,7,0,0,0,0,0,0,0,3933,36,1,0,1,0,0,0,0,0,1,0,0,0
14515,1,0,71,6,4,9,6,36,35,4,2,2,3,7,0,0,0,0,0,0,1,3978,43,1,0,0,0,0,0,0,0,0,1,0,0
31395,1,1,80,23,1,25,0,8,7,4,2,1,3,6,0,0,0,0,0,0,0,3844,67,2,0,0,0,0,0,1,0,0,0,0,0
75276,0,0,2,610,105,125,137,42,21,1,9,4,9,5,0,0,0,0,0,0,0,4021,58,0,0,1,0,0,0,0,0,0,1,0,0
42373,1,1,83,67,5,61,3,8,19,5,2,1,5,5,0,0,0,0,0,0,0,3699,49,2,0,1,0,0,0,0,0,1,0,0,0
30507,0,0,29,65,36,74,38,20,110,1,5,1,4,7,0,0,0,0,0,0,0,3856,63,0,0,1,0,0,0,0,0,0,1,0,0
55521,1,2,11,416,0,26,0,0,4,9,6,3,6,7,0,1,0,0,0,0,1,3631,68,3,0,0,0,1,0,0,0,1,0,0,0
48006,1,1,55,23,0,11,3,2,2,1,1,0,3,6,0,0,0,0,0,0,0,3401,58,2,0,1,0,0,0,0,1,0,0,0,0
27213,1,0,19,19,3,26,10,9,3,3,2,0,4,8,0,0,0,0,0,0,1,4049,51,1,0,0,0,1,0,0,0,1,0,0,0
65808,1,1,1,155,7,80,13,7,10,3,5,1,5,6,0,0,0,0,0,0,0,3411,52,2,0,0,0,1,0,1,0,0,0,0,0
30351,1,0,19,14,0,24,3,3,2,1,3,0,2,9,0,0,0,0,0,0,0,3769,49,1,0,0,0,1,0,0,0,0,1,0,0
50437,0,2,28,370,9,92,6,9,4,3,7,1,8,7,0,0,0,0,0,0,0,4001,60,2,0,1,0,0,0,0,1,0,0,0,0
23616,1,0,76,4,22,11,3,7,32,2,3,0,3,8,0,0,0,0,0,0,1,3970,41,1,0,0,0,0,0,0,0,1,0,0,0
53858,0,1,50,407,53,221,58,150,26,4,4,3,6,4,0,0,0,0,0,0,0,3978,47,1,0,1,0,0,0,0,1,0,0,0,0
66465,0,1,1,1200,0,204,38,29,14,3,11,9,12,6,0,0,0,1,0,0,0,3837,68,1,0,0,0,1,0,0,1,0,0,0,0
46923,1,0,90,85,44,54,102,78,6,3,5,1,7,7,0,0,0,0,0,0,0,4057,36,1,0,1,0,0,0,0,0,1,0,0,0
75072,0,1,83,583,34,309,0,22,125,2,5,4,8,3,0,0,0,0,0,0,0,3903,61,1,0,1,0,0,0,0,0,0,1,0,0
75865,0,0,73,483,0,591,156,0,12,1,3,5,10,1,0,0,0,0,0,0,0,3471,80,0,0,0,0,1,0,0,1,0,0,0,0
19789,1,0,24,2,5,9,28,6,28,3,2,1,3,5,1,0,0,0,0,0,0,3602,48,1,0,0,0,0,0,0,0,0,1,0,0
80134,0,0,11,966,26,282,52,26,26,1,2,7,11,5,0,1,1,1,1,0,0,3516,29,0,0,1,0,0,0,0,0,0,1,0,0
91065,0,0,33,822,114,108,179,137,114,1,7,9,9,3,0,0,1,1,0,0,1,3873,42,0,0,1,0,0,0,0,0,1,0,0,0
49505,1,1,4,604,0,100,19,0,28,9,10,2,8,8,0,0,0,0,0,0,0,3862,52,2,0,0,1,0,0,0,1,0,0,0,0
37401,1,0,14,19,3,19,3,1,3,2,2,0,3,7,0,0,0,0,0,0,0,3435,50,1,0,0,0,1,0,0,1,0,0,0,0
30096,1,0,30,5,3,11,12,5,9,1,2,0,3,6,0,0,0,0,0,0,0,3419,40,1,0,1,0,0,0,0,1,0,0,0,0
18492,1,0,75,2,2,2,2,1,1,1,1,0,2,8,0,0,0,0,0,0,0,3405,41,1,0,0,1,0,0,0,0,0,1,0,0
82584,0,0,26,1076,68,103,29,91,68,1,3,4,8,1,0,1,1,0,0,0,1,3771,49,0,0,0,1,0,0,0,1,0,0,0,0
93027,0,0,77,1285,42,716,55,0,21,0,7,10,5,2,0,0,1,0,0,0,0,3823,82,0,0,0,0,1,0,0,1,0,0,0,0
48686,1,2,8,10,0,7,2,0,1,1,1,0,2,8,0,0,0,0,0,0,0,3588,70,3,0,1,0,0,0,0,1,0,0,0,0
92910,0,0,42,551,137,792,179,103,33,1,6,7,13,1,0,1,1,1,0,0,0,3447,37,0,0,1,0,0,0,0,1,0,0,0,0
75433,1,0,28,800,0,297,0,34,57,2,2,5,10,6,0,1,0,1,0,0,0,3466,34,1,0,1,0,0,0,0,1,0,0,0,0
10404,1,0,52,2,2,11,10,6,12,2,1,0,4,5,0,0,0,0,0,0,0,3437,34,1,0,0,0,0,0,0,0,0,1,0,0
61314,0,1,1,378,0,189,97,172,172,2,5,5,12,3,0,0,0,0,0,0,0,3811,55,1,0,1,0,0,0,0,1,0,0,0,0
84865,0,0,1,1248,16,349,43,16,16,1,2,4,9,4,0,1,1,1,1,0,1,3797,62,0,0,0,0,1,0,0,0,1,0,0,0
42387,1,0,42,235,0,235,19,4,191,5,8,1,7,8,0,0,0,0,0,0,0,3989,34,1,0,1,0,0,0,0,1,0,0,0,0
67309,1,1,76,515,47,181,149,95,95,15,9,6,9,7,0,0,0,0,0,0,0,3903,56,2,0,0,0,0,0,0,0,0,1,0,0
75236,0,1,27,438,66,400,12,38,114,1,8,3,13,4,0,0,0,0,0,0,0,3597,59,1,0,1,0,0,0,0,1,0,0,0,0
30015,1,0,28,25,0,22,2,3,5,2,1,0,4,5,0,0,0,0,0,0,0,3528,53,1,0,1,0,0,0,0,0,1,0,0,0
50943,0,1,49,31,0,7,2,0,6,1,1,0,3,5,0,0,0,0,0,0,0,3754,67,1,0,0,1,0,0,0,0,0,1,0,0
67272,0,1,12,357,35,271,28,28,14,3,6,2,12,5,0,0,0,0,0,0,0,3571,57,1,0,1,0,0,0,1,0,0,0,0,0
51529,0,1,14,400,4,35,6,0,22,2,9,1,5,8,0,0,0,0,0,0,0,3676,74,1,0,0,1,0,0,0,0,0,0,1,0
32011,1,0,89,99,0,15,2,1,5,3,2,1,4,7,0,0,0,0,0,0,0,3692,52,1,0,0,0,1,0,0,1,0,0,0,0
7500,1,0,96,1,11,5,4,6,9,2,2,0,3,8,0,0,0,0,0,0,0,3888,37,1,0,0,0,0,0,0,1,0,0,0,0
28691,1,0,56,5,4,13,8,0,4,1,1,0,3,8,0,0,0,0,0,0,0,3741,34,1,0,1,0,0,0,0,1,0,0,0,0
56223,0,1,72,77,28,31,16,0,4,2,2,1,5,4,0,0,0,0,0,0,0,3572,75,1,0,0,0,1,0,0,1,0,0,0,0
18100,0,0,14,3,1,2,4,3,1,1,0,0,3,5,0,0,0,0,0,0,0,3708,77,0,0,1,0,0,0,0,1,0,0,0,0
30279,1,0,13,10,4,14,4,4,1,1,1,0,3,8,0,0,0,0,0,0,0,3927,34,1,0,1,0,0,0,0,0,1,0,0,0
20130,0,0,99,0,6,3,7,6,12,1,1,0,3,8,0,0,0,0,0,0,0,3485,49,0,0,0,0,0,0,0,1,0,0,0,0
23295,0,0,72,0,0,1,2,12,5,1,1,0,2,8,0,0,0,0,0,0,0,3732,64,0,0,1,0,0,0,1,0,0,0,0,0
42618,1,0,92,76,14,74,13,5,10,2,5,0,4,8,0,0,0,0,0,0,0,3644,51,1,0,0,1,0,0,1,0,0,0,0,0
81246,0,0,87,398,190,537,61,156,37,1,4,5,7,1,1,0,0,1,0,0,0,3563,59,0,0,1,0,0,0,0,0,1,0,0,0
24027,1,0,7,14,7,11,11,0,5,2,2,0,3,8,0,0,0,0,0,0,0,3766,47,1,0,1,0,0,0,0,1,0,0,0,0
55707,0,1,91,208,7,82,30,66,35,2,3,2,9,3,0,0,0,0,0,0,0,3570,70,1,0,0,0,1,0,0,1,0,0,0,0
57959,0,1,71,430,16,322,43,24,33,5,4,7,11,3,0,0,0,0,0,0,0,3804,68,1,0,1,0,0,0,0,0,1,0,0,0
56796,0,1,24,656,38,161,62,47,37,3,8,9,7,7,0,0,0,0,0,0,0,3879,54,1,0,1,0,0,0,0,1,0,0,0,0
36230,1,0,17,14,2,30,8,2,3,1,2,0,4,5,0,0,0,0,0,0,0,3636,52,1,0,0,1,0,0,0,0,1,0,0,0
70829,1,1,87,141,70,106,72,19,23,2,4,2,8,3,0,0,0,0,0,0,0,3591,43,2,0,0,0,0,0,0,1,0,0,0,0
65991,0,1,21,507,19,364,25,47,9,3,9,5,10,7,0,0,0,0,0,0,0,4041,47,1,0,1,0,0,0,0,1,0,0,0,0
38988,1,2,90,164,24,103,12,3,42,7,5,1,6,8,0,0,0,0,0,0,0,4059,51,3,0,1,0,0,0,0,1,0,0,0,0
89572,0,0,44,606,24,974,197,194,64,1,7,7,9,4,0,1,0,1,0,0,1,4033,57,0,0,0,0,0,0,0,0,1,0,0,0
42207,1,0,71,116,11,72,3,17,46,4,4,1,5,6,1,0,0,0,0,0,1,3835,39,1,0,0,1,0,0,0,1,0,0,0,0
50300,0,1,52,143,15,60,24,23,5,2,2,1,8,2,0,0,0,0,0,0,0,3416,71,1,0,1,0,0,0,0,1,0,0,0,0
66664,0,0,78,398,96,447,220,96,32,1,5,7,6,3,0,0,0,0,0,0,0,4023,41,0,0,0,0,0,0,0,0,0,1,0,0
60597,0,1,2,522,0,257,32,16,66,4,2,2,8,7,0,0,0,1,0,0,1,3560,59,1,0,1,0,0,0,0,1,0,0,0,0
70165,0,0,60,161,0,253,199,191,122,1,3,7,11,1,0,0,0,0,0,0,0,3661,74,0,0,1,0,0,0,0,0,0,0,1,0
50520,0,1,25,112,0,6,2,1,14,2,3,1,3,6,0,0,0,0,0,0,0,3533,65,1,0,0,0,1,0,0,0,0,0,1,0
80124,0,0,47,483,84,398,205,84,241,1,3,7,8,1,1,0,0,0,0,0,0,3384,60,0,0,1,0,0,0,0,1,0,0,0,0
33183,1,0,46,7,5,39,17,15,37,2,4,0,3,7,0,0,0,0,0,0,0,3506,48,1,0,1,0,0,0,0,1,0,0,0,0
66582,0,0,83,789,25,420,16,38,0,1,2,8,9,1,0,0,0,0,0,0,0,3499,54,0,0,0,0,1,0,0,0,1,0,0,0
75261,0,0,17,1239,17,413,23,34,17,1,5,6,5,2,0,1,1,0,0,0,1,3813,68,0,0,0,0,1,0,0,0,0,1,0,0
31880,1,0,13,4,1,5,2,0,3,1,1,0,2,8,0,0,0,0,0,0,0,3987,53,1,0,1,0,0,0,0,0,0,0,1,0
53790,0,2,86,335,42,127,28,5,5,3,7,2,8,6,0,0,0,0,0,0,0,3496,72,2,0,1,0,0,0,0,1,0,0,0,0
49269,1,0,92,639,8,166,11,8,58,3,7,3,12,7,0,0,0,0,0,0,0,4064,52,1,0,0,0,1,0,0,0,0,1,0,0
61456,0,1,47,563,76,384,84,192,89,4,6,10,13,4,0,0,0,0,0,0,0,3840,48,1,0,1,0,0,0,0,1,0,0,0,0
37406,1,0,18,2,0,8,2,2,3,1,1,0,2,8,0,0,0,0,0,0,1,3643,43,1,0,1,0,0,0,0,1,0,0,0,0
56937,1,0,81,746,8,125,11,8,8,7,8,6,9,6,0,1,0,0,0,0,1,4075,42,1,0,0,0,1,0,0,0,0,1,0,0
38415,1,1,91,22,1,13,4,0,4,2,1,0,3,7,0,0,0,0,0,0,0,3924,45,2,0,1,0,0,0,0,1,0,0,0,0
20518,1,0,58,4,1,6,4,1,9,1,1,1,2,5,0,0,0,0,0,0,0,3423,35,1,0,1,0,0,0,0,0,1,0,0,0
62503,0,1,40,478,0,193,110,75,117,4,8,3,11,5,0,0,0,0,0,0,0,3877,67,1,0,1,0,0,0,0,1,0,0,0,0
41644,1,1,67,20,3,4,2,0,2,2,1,0,3,3,0,0,0,0,0,0,0,3432,51,2,0,0,0,1,0,0,0,1,0,0,0
55842,0,1,19,451,0,39,0,4,24,1,7,1,8,5,0,0,0,0,0,0,0,3418,46,1,0,0,1,0,0,0,1,0,0,0,0
62010,0,1,93,371,22,39,6,0,92,4,6,2,7,5,0,0,0,0,0,0,0,3995,51,1,0,0,0,1,0,0,1,0,0,0,0
41124,1,0,41,281,7,84,15,0,119,7,7,3,4,8,0,0,0,0,0,0,0,3987,46,1,0,1,0,0,0,0,1,0,0,0,0
38961,1,0,60,19,7,19,0,1,24,1,2,1,2,7,0,0,0,0,0,0,0,3562,50,1,0,0,1,0,0,0,1,0,0,0,0
37760,1,0,54,26,3,13,2,10,0,1,2,0,3,6,0,0,0,0,0,0,0,3703,51,1,0,0,1,0,0,1,0,0,0,0,0
32233,1,0,26,138,15,35,25,11,72,2,6,2,2,9,1,0,0,0,0,0,1,4060,49,1,0,1,0,0,0,0,0,1,0,0,0
43057,0,1,30,213,2,44,0,2,5,4,4,2,5,5,0,0,0,0,0,0,0,3623,48,1,0,1,0,0,0,0,1,0,0,0,0
83151,0,0,93,407,28,100,120,74,18,1,5,9,4,3,0,0,0,0,0,0,0,4008,63,0,0,0,1,0,0,0,0,0,1,0,0
78825,0,0,35,483,74,114,169,37,18,1,5,10,13,3,0,0,0,0,0,0,1,4034,59,0,0,0,0,1,0,1,0,0,0,0,0
65104,0,1,4,738,0,232,13,20,50,2,3,5,7,7,0,0,0,0,0,0,0,3608,47,1,0,0,1,0,0,0,0,0,1,0,0
60093,0,1,92,502,12,109,16,6,90,2,7,2,10,6,0,0,0,0,0,0,0,3749,49,1,0,1,0,0,0,0,1,0,0,0,0
14045,1,0,24,11,0,5,2,1,1,1,1,0,3,7,0,0,0,0,0,0,0,3535,54,1,0,1,0,0,0,0,1,0,0,0,0
28457,0,0,96,24,1,108,29,29,14,1,4,1,4,8,0,0,0,0,0,0,0,3990,71,0,0,0,0,0,0,0,0,0,0,1,0
78952,0,1,11,1170,19,594,99,76,134,2,2,5,12,6,0,0,0,0,0,0,0,4024,65,1,0,0,0,1,0,0,0,0,1,0,0
46310,1,0,99,185,2,88,15,5,14,2,6,1,5,8,0,0,0,0,0,0,0,3954,47,1,0,1,0,0,0,1,0,0,0,0,0
76005,0,0,72,983,20,389,240,50,40,1,3,5,13,6,0,0,0,1,0,0,0,3873,68,0,0,1,0,0,0,0,0,0,1,0,0
58308,0,1,77,691,0,69,10,0,130,4,2,6,3,8,0,0,0,0,0,0,0,3914,59,1,0,0,1,0,0,0,0,1,0,0,0
55614,0,0,85,504,13,131,8,0,26,1,9,4,6,7,0,1,0,0,0,0,0,3595,79,0,0,0,0,1,0,1,0,0,0,0,0
59432,0,1,88,317,25,265,25,19,12,3,5,3,11,5,0,0,0,0,0,0,0,3823,61,1,0,0,1,0,0,1,0,0,0,0,0
55563,0,1,22,29,1,9,2,0,2,1,2,0,3,3,0,0,0,0,0,0,0,3466,45,1,0,1,0,0,0,1,0,0,0,0,0
78642,0,1,83,1396,0,322,46,35,17,1,4,9,4,6,0,0,0,0,0,0,0,3815,52,1,0,0,0,1,0,0,0,0,1,0,0
67911,0,1,63,529,0,356,63,28,0,3,6,7,11,3,0,0,0,0,0,0,0,3419,74,1,0,0,0,1,0,0,0,0,1,0,0
65275,0,0,9,388,14,218,91,14,21,1,4,3,13,2,0,0,0,0,0,0,0,3833,79,0,0,1,0,0,0,0,1,0,0,0,0
27203,1,1,92,13,2,21,4,0,24,2,1,1,2,8,0,0,0,0,0,0,0,4073,73,2,0,1,0,0,0,0,0,0,1,0,0
48330,0,1,2,28,0,4,0,0,0,1,1,0,3,5,0,0,0,0,0,0,0,3607,62,1,0,0,1,0,0,0,0,0,1,0,0
24279,0,0,6,16,36,21,20,62,108,1,4,1,3,8,0,0,0,0,0,0,0,3928,33,0,1,0,0,0,0,0,1,0,0,0,0
64355,1,0,66,1047,0,140,67,38,153,2,4,3,12,8,0,0,0,0,0,0,0,4055,38,1,0,0,0,1,0,0,1,0,0,0,0
50943,0,1,49,31,0,7,2,0,6,1,1,0,3,5,0,0,0,0,0,0,0,3754,67,1,0,0,1,0,0,0,0,0,1,0,0
53653,0,0,29,815,10,239,28,10,108,2,10,4,12,6,0,0,0,0,0,0,0,3980,70,0,0,1,0,0,0,0,0,0,0,1,0
65665,0,1,77,225,162,387,106,36,29,1,5,10,8,3,0,0,0,0,0,0,0,3590,47,1,0,1,0,0,0,0,1,0,0,0,0
81217,0,0,77,493,70,324,146,40,84,1,3,7,11,1,0,0,0,0,0,0,0,3726,34,0,0,1,0,0,0,0,0,1,0,0,0
34935,0,0,71,34,4,66,3,10,20,1,2,1,4,7,0,0,0,0,0,0,0,3754,31,0,0,1,0,0,0,0,1,0,0,0,0
61250,0,1,49,382,138,65,60,26,59,6,5,2,12,5,0,0,0,0,0,0,0,3941,64,1,0,1,0,0,0,1,0,0,0,0,0
39665,1,0,97,127,1,56,0,1,31,3,4,2,3,7,1,0,0,0,0,0,0,3781,42,1,0,0,0,1,0,0,0,0,1,0,0
60152,0,1,6,325,83,300,86,58,91,1,6,4,12,3,0,0,0,0,0,0,0,3839,44,1,0,1,0,0,0,0,0,1,0,0,0
48920,0,2,93,238,17,68,8,10,6,3,6,2,5,7,0,1,0,0,0,0,0,3633,59,2,0,1,0,0,0,0,1,0,0,0,0
89120,0,0,78,1168,92,408,72,129,55,1,5,6,7,1,0,0,1,0,0,0,0,3485,64,0,0,0,1,0,0,0,0,0,1,0,0
44124,0,1,62,284,0,55,0,6,52,4,6,2,5,8,0,0,0,0,0,0,0,3795,77,1,0,0,0,1,0,0,0,0,1,0,0
81169,0,0,47,1288,20,613,80,61,27,1,5,7,9,2,0,0,0,0,0,0,0,3822,48,0,0,0,1,0,0,0,0,1,0,0,0
36443,1,1,9,65,0,46,4,3,20,4,3,1,3,8,0,0,0,0,0,0,0,3892,62,2,0,1,0,0,0,0,1,0,0,0,0
26095,1,0,77,11,7,9,3,1,11,1,1,0,3,7,0,0,0,0,0,0,0,3745,33,1,0,1,0,0,0,0,0,1,0,0,0
71367,0,0,24,227,23,389,42,21,75,1,4,5,7,2,0,0,0,0,0,0,0,3691,64,0,0,1,0,0,0,0,0,0,1,0,0
80184,0,0,19,1035,134,670,25,38,0,1,6,3,10,3,0,0,1,1,0,0,0,3501,79,0,0,0,1,0,0,0,1,0,0,0,0
30630,1,1,67,27,1,12,2,0,10,2,2,0,3,7,0,0,0,0,0,0,0,3534,58,2,0,1,0,0,0,1,0,0,0,0,0
73454,0,0,95,982,73,351,56,14,175,1,2,4,6,5,1,0,0,0,0,0,0,3501,36,0,0,0,1,0,0,0,0,1,0,0,0
42691,0,0,48,179,2,64,38,17,58,1,5,1,6,5,0,0,0,0,0,0,0,3698,32,0,0,1,0,0,0,0,1,0,0,0,0
70503,0,0,73,1379,33,216,0,33,66,1,2,4,9,6,0,1,1,0,0,0,0,4018,70,0,0,1,0,0,0,0,1,0,0,0,0
25545,1,0,35,32,1,64,16,12,85,3,2,2,3,6,0,0,0,0,0,0,1,4040,36,1,0,1,0,0,0,0,1,0,0,0,0
32880,1,0,76,8,4,15,7,6,2,1,1,0,3,8,0,0,0,0,0,0,0,3953,37,1,0,1,0,0,0,0,1,0,0,0,0
77863,0,0,20,881,38,319,16,25,12,1,4,5,10,2,0,0,0,0,0,0,0,3595,65,0,0,0,0,1,0,0,0,0,1,0,0
50353,0,0,72,141,15,153,67,31,35,1,4,4,6,3,0,0,0,0,0,0,0,3402,46,0,0,0,1,0,0,0,1,0,0,0,0
61839,0,0,20,1000,155,379,224,17,120,1,4,8,4,8,0,0,0,0,0,0,0,4067,59,0,0,1,0,0,0,0,0,1,0,0,0
49154,1,1,69,206,10,67,30,27,71,6,4,1,8,6,0,0,0,0,0,0,0,3619,63,2,0,0,0,1,0,0,1,0,0,0,0
47682,0,1,80,162,61,83,97,57,61,4,4,3,8,5,0,0,0,0,0,0,0,3880,48,1,0,0,0,0,0,0,0,0,0,1,0
72679,0,1,65,619,54,260,127,54,54,1,4,7,5,1,0,0,0,0,0,0,0,3665,54,1,0,1,0,0,0,0,0,1,0,0,0
57954,1,1,52,456,4,24,0,0,9,7,8,2,6,7,0,1,0,0,0,0,0,3392,46,2,0,0,1,0,0,0,0,0,1,0,0
65316,1,1,65,112,6,92,3,9,38,2,3,2,5,4,0,0,0,0,0,0,0,3812,61,2,0,1,0,0,0,0,1,0,0,0,0
28567,1,0,57,11,3,22,2,2,6,2,2,0,3,6,0,0,0,0,0,0,0,3758,41,1,0,1,0,0,0,0,0,1,0,0,0
47352,0,1,70,172,12,112,8,0,15,4,6,1,5,7,0,0,0,0,0,0,0,3825,72,1,0,0,1,0,0,0,0,0,1,0,0
44931,0,1,0,78,0,11,0,0,7,1,2,1,3,5,0,0,0,0,0,0,0,3543,56,1,0,1,0,0,0,0,0,0,1,0,0
76982,0,0,19,464,151,292,65,60,30,1,8,3,4,4,0,0,1,0,0,0,1,3515,56,0,0,1,0,0,0,1,0,0,0,0,0
57247,0,1,50,99,4,32,37,54,6,2,2,1,7,2,0,0,0,0,0,0,0,3706,71,1,0,0,0,0,0,0,0,0,1,0,0
22944,1,0,67,19,3,19,4,5,26,3,3,0,3,7,0,0,0,0,0,0,0,3569,42,1,0,0,1,0,0,0,0,1,0,0,0
25315,1,0,46,1,9,8,11,3,22,3,3,0,3,8,0,0,0,0,0,0,0,3615,46,1,0,0,0,0,0,0,0,0,1,0,0
43638,0,1,37,63,10,83,7,19,19,2,4,1,4,7,0,0,0,0,0,0,0,4073,54,1,0,1,0,0,0,0,0,0,0,1,0
42710,1,0,38,252,3,42,4,3,102,2,4,5,3,6,0,0,0,0,0,0,0,3959,39,1,0,0,0,1,0,0,0,1,0,0,0
84169,0,0,9,1478,19,403,0,19,0,1,7,6,6,3,0,1,1,0,0,0,1,3707,41,0,0,0,0,1,0,0,1,0,0,0,0
54058,0,1,56,198,18,252,32,108,54,2,4,6,8,3,0,0,0,0,0,0,0,3771,47,1,0,1,0,0,0,0,0,0,1,0,0
24683,1,0,98,8,4,10,6,7,6,2,2,0,4,5,0,0,0,0,0,0,0,3494,33,1,0,0,0,0,0,0,1,0,0,0,0
85620,0,0,68,416,46,925,60,107,46,1,3,6,4,1,0,0,0,0,0,0,1,3554,59,0,0,1,0,0,0,0,0,0,0,1,0
47850,1,0,72,42,7,43,20,12,10,1,3,0,4,6,0,0,0,0,0,0,0,3589,43,1,0,1,0,0,0,0,1,0,0,0,0
19514,1,1,47,14,3,21,2,1,28,4,3,1,2,8,1,0,0,0,0,0,1,3535,55,2,0,1,0,0,0,0,1,0,0,0,0
27159,1,1,33,17,0,3,0,0,1,2,1,0,3,6,0,0,0,0,0,0,0,3473,50,2,0,0,1,0,0,0,1,0,0,0,0
39548,1,1,87,15,4,10,3,4,18,2,1,1,3,3,0,0,0,0,0,0,0,3471,60,2,0,0,0,0,0,0,0,1,0,0,0
21474,1,0,0,6,16,24,11,0,34,2,3,1,2,7,1,0,0,0,0,0,1,3463,34,1,0,1,0,0,0,0,0,1,0,0,0
60504,0,1,73,458,0,24,6,4,34,2,6,2,8,6,0,0,0,0,0,0,0,3523,52,1,0,0,0,1,0,0,0,1,0,0,0
22419,0,0,74,30,3,47,19,21,42,1,3,2,2,8,0,0,0,0,0,0,0,3818,60,0,0,1,0,0,0,0,1,0,0,0,0
81698,0,0,4,179,28,520,111,123,47,1,3,8,13,1,0,0,0,0,0,0,1,3616,74,0,0,0,1,0,0,0,1,0,0,0,0
43462,1,1,50,90,17,97,15,6,15,6,4,1,5,8,0,0,0,0,0,0,0,4036,71,2,0,1,0,0,0,0,0,0,1,0,0
54880,1,0,57,308,85,137,102,45,118,2,6,2,11,5,0,0,0,0,0,0,0,3866,45,1,0,0,0,1,0,0,0,1,0,0,0
79908,0,0,30,557,129,761,29,185,111,1,5,6,7,2,0,0,1,0,0,0,0,3831,41,0,0,1,0,0,0,0,1,0,0,0,0
15315,0,0,27,7,4,13,15,8,17,2,2,0,4,5,0,0,0,0,0,0,0,3711,53,0,0,0,0,0,0,0,1,0,0,0,0
87771,0,1,61,1492,38,287,50,57,33,1,5,10,4,6,0,1,1,1,1,0,1,3784,64,1,0,1,0,0,0,0,0,0,1,0,0
33039,1,0,4,30,8,12,8,8,12,1,2,0,4,5,0,0,0,0,0,0,0,3674,45,1,0,1,0,0,0,0,1,0,0,0,0
81741,0,0,75,249,153,940,58,134,38,0,6,6,7,2,0,0,0,0,0,0,0,3759,43,0,0,1,0,0,0,0,0,1,0,0,0
71499,0,1,12,465,25,132,136,0,37,2,8,3,13,4,0,0,0,0,0,0,0,3750,52,1,0,0,1,0,0,0,0,0,1,0,0
62466,0,1,13,129,129,259,168,121,83,5,6,3,12,4,0,0,0,0,0,0,0,3546,53,1,0,0,0,0,0,0,1,0,0,0,0
48799,0,1,9,174,18,81,28,6,24,3,3,2,7,3,0,0,0,0,0,0,0,3617,60,1,0,0,0,1,0,1,0,0,0,0,0
52157,0,1,48,189,2,29,3,2,40,2,3,2,5,4,0,0,0,0,0,0,0,3403,73,1,0,0,0,1,0,0,0,0,1,0,0
66565,0,1,80,747,10,161,65,40,42,4,4,2,9,8,0,0,0,0,0,0,0,3952,61,1,0,1,0,0,0,0,0,1,0,0,0
29298,1,1,60,6,0,2,2,0,1,1,1,0,2,5,0,0,0,0,0,0,0,3676,72,2,0,0,1,0,0,0,0,0,1,0,0
47691,0,1,43,14,0,3,0,0,4,1,1,0,2,6,0,0,0,0,0,0,0,3740,44,1,0,1,0,0,0,0,0,1,0,0,0
38200,1,1,19,12,0,4,0,0,1,1,1,0,2,7,0,0,0,0,0,0,0,3950,53,2,0,1,0,0,0,0,0,0,1,0,0
44989,0,1,26,98,0,106,49,10,106,5,5,1,5,6,0,0,0,0,0,0,0,4036,49,1,0,1,0,0,0,0,1,0,0,0,0
38443,1,1,58,32,0,5,0,0,1,2,1,0,3,7,0,0,0,0,0,0,0,3534,55,2,0,0,0,1,0,0,1,0,0,0,0
38593,1,0,42,51,12,49,17,24,24,3,4,1,3,8,0,0,0,0,0,0,0,3670,45,1,0,0,0,0,0,0,0,1,0,0,0
64413,0,1,27,200,5,44,0,10,20,1,5,1,5,5,0,0,0,0,0,0,0,3713,53,1,0,0,0,1,0,0,0,0,1,0,0
36959,1,0,56,25,6,25,6,0,0,2,2,0,3,8,0,0,0,0,0,0,0,3651,42,1,0,0,1,0,0,0,1,0,0,0,0
61996,0,1,27,1050,12,144,0,0,24,3,6,4,8,5,0,1,0,1,1,0,1,3895,46,1,0,0,0,1,0,0,1,0,0,0,0
51287,1,1,10,117,0,22,13,0,30,3,4,1,3,7,0,0,0,0,0,0,0,3470,55,2,0,1,0,0,0,0,1,0,0,0,0
13260,1,1,48,9,4,17,10,2,7,4,3,0,3,8,0,0,0,0,0,0,0,3691,53,2,0,1,0,0,0,0,1,0,0,0,0
47472,1,1,39,56,0,11,0,0,8,2,2,0,4,5,0,0,0,0,0,0,0,3667,57,2,0,0,0,1,0,0,0,0,1,0,0
54603,1,1,85,145,13,46,17,2,4,6,4,2,4,7,0,0,0,0,0,0,0,3736,67,2,0,0,1,0,0,0,0,0,1,0,0
45207,1,1,64,203,0,10,0,0,2,5,3,1,6,6,0,1,0,0,0,0,0,3977,49,2,0,0,0,1,0,0,1,0,0,0,0
40689,0,1,69,270,3,27,39,6,99,7,7,1,5,8,0,0,0,0,0,0,0,3849,72,1,0,1,0,0,0,0,0,0,1,0,0
47821,1,1,54,9,0,16,6,6,10,1,1,0,3,8,0,0,0,0,0,0,0,3633,56,2,0,0,0,0,0,0,0,0,1,0,0
27450,0,0,57,37,12,23,8,11,52,1,2,1,3,7,0,0,0,0,0,0,0,3821,72,0,0,0,1,0,0,0,1,0,0,0,0
39453,1,0,64,46,0,7,0,0,2,2,2,0,3,6,0,0,0,0,0,0,0,3468,40,1,0,1,0,0,0,0,0,0,1,0,0
26850,1,1,10,31,1,13,7,2,9,4,2,1,4,4,0,0,0,0,0,0,0,3453,52,2,0,0,0,0,0,0,0,0,1,0,0
79800,0,0,65,1060,21,530,32,0,224,1,5,11,5,3,1,0,1,1,0,0,1,4025,68,0,0,1,0,0,0,0,0,0,0,1,0
61794,0,1,74,264,47,188,54,47,11,2,4,4,10,2,0,0,0,0,0,0,0,3669,62,1,0,0,1,0,0,0,1,0,0,0,0
53863,0,1,4,399,4,30,6,4,30,3,7,1,7,7,0,1,0,0,0,0,0,3424,68,1,0,1,0,0,0,0,0,0,1,0,0
24221,0,0,94,8,9,9,2,5,22,1,1,1,3,4,0,0,0,0,0,0,0,3694,64,0,0,1,0,0,0,0,0,0,1,0,0
39684,1,0,41,19,0,35,6,4,17,2,2,1,2,7,0,0,0,0,0,1,1,4006,39,1,0,0,0,1,0,0,0,1,0,0,0
92163,0,0,25,817,183,797,106,163,20,0,5,11,5,2,0,0,1,1,0,0,1,3945,48,0,0,0,1,0,0,0,1,0,0,0,0
69882,0,0,94,292,127,635,132,127,165,1,3,7,9,1,0,0,0,0,0,0,0,3612,58,0,0,0,1,0,0,0,0,1,0,0,0
33178,1,0,9,12,6,2,11,2,16,1,1,0,3,4,0,0,0,0,0,0,0,3531,46,1,0,1,0,0,0,0,0,0,1,0,0
59973,0,0,47,130,30,168,20,34,0,1,3,4,7,1,0,0,0,0,0,0,0,3672,51,0,0,0,0,1,0,0,1,0,0,0,0
17459,1,0,12,6,4,16,3,10,30,3,3,1,2,7,0,0,0,0,0,0,1,3664,48,1,0,0,1,0,0,0,0,0,1,0,0
23910,1,0,80,16,12,18,7,1,13,1,2,0,3,7,0,0,0,0,0,0,0,3992,54,1,0,1,0,0,0,1,0,0,0,0,0
42169,1,1,20,19,0,9,0,0,2,2,1,0,3,8,0,0,0,0,0,0,0,3634,54,2,0,0,1,0,0,0,1,0,0,0,0
26224,1,0,39,4,7,15,13,9,15,3,2,1,3,6,0,0,0,0,0,0,0,3771,45,1,0,0,0,0,0,0,1,0,0,0,0
31089,1,0,57,31,3,31,2,8,4,3,3,0,4,8,0,0,0,0,0,0,0,4062,42,1,0,1,0,0,0,0,0,0,1,0,0
30081,0,1,27,36,0,2,0,0,4,1,1,0,3,7,0,0,0,0,0,0,0,3874,62,1,0,1,0,0,0,0,0,1,0,0,0
62807,0,1,83,526,28,135,10,21,99,3,5,3,12,5,0,0,0,0,0,0,0,4048,63,1,0,1,0,0,0,0,0,0,1,0,0
72906,0,0,79,400,32,519,71,75,54,1,3,4,9,1,0,0,0,0,0,0,0,3666,68,0,0,1,0,0,0,0,0,1,0,0,0
61467,0,2,69,410,16,114,0,5,49,3,5,2,10,5,0,0,0,0,0,0,0,3948,75,2,0,0,0,1,0,0,1,0,0,0,0
49618,1,1,77,80,3,26,4,2,14,4,3,1,3,7,0,0,0,0,0,0,0,3900,57,2,0,0,1,0,0,0,0,0,1,0,0
21888,1,0,15,88,10,46,2,3,64,4,5,1,2,10,0,0,0,0,0,0,1,3928,37,1,0,0,1,0,0,0,0,1,0,0,0
42429,0,1,99,55,0,6,2,0,4,2,1,1,3,5,0,0,0,0,0,0,0,3519,50,1,0,1,0,0,0,0,0,0,0,1,0
26150,2,1,61,5,1,13,3,5,1,1,1,0,3,7,0,0,0,0,0,0,0,3856,67,3,0,1,0,0,0,1,0,0,0,0,0
30801,0,1,23,8,4,5,15,2,11,2,1,0,3,7,0,0,0,0,0,0,0,3992,48,1,1,0,0,0,0,0,1,0,0,0,0
81168,0,0,84,410,0,592,147,22,22,1,6,4,7,3,0,0,0,1,0,0,0,3434,58,0,0,1,0,0,0,0,1,0,0,0,0
26877,0,0,74,101,13,76,20,18,40,2,3,1,6,6,0,0,0,0,0,0,0,3695,54,0,0,0,1,0,0,0,0,1,0,0,0
45006,0,0,90,162,25,53,16,0,10,1,3,1,7,3,0,0,0,0,0,0,0,3727,79,0,0,0,1,0,0,0,0,0,0,1,0
18978,1,0,41,2,8,1,4,7,15,1,1,0,3,8,0,0,0,0,0,0,0,3946,50,1,1,0,0,0,0,0,1,0,0,0,0
22574,2,1,28,25,0,8,2,0,2,2,2,0,3,7,0,0,0,0,0,0,0,3625,56,3,0,1,0,0,0,0,1,0,0,0,0
48240,0,0,73,389,91,248,64,49,41,3,6,3,13,5,0,0,0,0,0,0,1,3978,54,0,0,0,0,1,0,0,0,1,0,0,0
45837,1,1,88,215,13,87,17,17,24,5,6,2,5,7,0,0,0,0,0,0,0,3719,49,2,0,1,0,0,0,0,1,0,0,0,0
35791,2,1,94,27,0,5,0,0,3,2,1,0,3,8,0,0,0,0,0,0,0,3800,58,3,0,0,1,0,0,0,0,1,0,0,0
162397,1,1,31,85,1,16,2,1,2,0,0,0,1,1,0,0,0,0,0,0,0,3772,47,2,0,0,0,1,0,0,0,0,1,0,0
54162,1,1,31,5,6,10,6,5,10,1,1,0,3,4,0,0,0,0,0,0,0,3849,45,2,0,1,0,0,0,0,0,0,0,1,0
30522,0,1,6,179,8,83,19,11,26,5,1,2,9,2,0,0,0,0,0,0,0,4062,63,1,0,0,1,0,0,0,1,0,0,0,0
54456,0,1,23,352,0,27,10,0,15,3,6,1,7,6,0,0,0,0,0,0,0,3734,62,1,0,0,0,1,0,0,1,0,0,0,0
31632,0,0,92,17,8,12,11,15,32,1,2,1,2,7,0,0,0,0,0,0,0,3731,52,0,0,1,0,0,0,0,0,1,0,0,0
72298,0,0,52,625,35,169,58,17,35,1,4,3,6,1,0,1,1,0,0,0,0,3492,74,0,0,1,0,0,0,0,0,0,0,1,0
36975,1,0,50,10,6,11,0,4,2,1,1,0,3,7,0,0,0,0,0,0,0,3564,45,1,0,0,0,0,0,0,0,1,0,0,0
72635,0,0,54,390,22,323,104,35,107,1,6,8,6,3,0,0,0,1,0,0,0,3772,68,0,0,0,0,0,0,0,1,0,0,0,0
13624,1,0,93,10,2,15,2,1,6,2,2,0,3,6,0,0,0,0,0,0,0,3906,47,1,0,1,0,0,0,0,1,0,0,0,0
84196,0,1,56,215,63,507,231,31,190,1,8,4,7,3,0,0,0,0,0,0,0,3772,48,1,0,1,0,0,0,0,0,1,0,0,0
70971,0,1,28,1001,17,572,93,125,17,7,11,11,5,7,0,0,0,0,0,0,1,4027,63,1,0,1,0,0,0,0,0,0,1,0,0
34487,1,1,94,19,18,33,24,1,8,3,3,0,3,9,0,0,0,0,0,0,0,4042,46,2,0,0,0,1,0,1,0,0,0,0,0
28769,1,0,76,41,5,129,10,3,3,3,4,1,4,9,0,0,0,0,0,0,0,3939,46,1,0,1,0,0,0,0,0,1,0,0,0
69084,1,0,43,1181,107,199,39,30,30,2,7,3,13,8,0,0,0,0,0,0,0,3603,53,1,0,0,0,1,0,0,1,0,0,0,0
65488,0,0,46,603,45,207,36,18,54,1,3,4,6,1,0,0,0,0,0,0,0,3397,65,0,0,0,0,1,0,0,0,0,1,0,0
62466,0,1,13,129,129,259,168,121,83,5,6,3,12,4,0,0,0,0,0,0,0,3546,53,1,0,0,0,0,0,0,1,0,0,0,0
32218,0,0,27,10,24,15,13,1,30,1,2,1,3,7,1,0,0,0,0,0,1,3515,63,0,0,0,0,0,0,0,0,1,0,0,0
83917,0,0,12,514,22,732,42,198,79,1,6,7,7,3,0,0,0,0,0,0,1,3818,50,0,0,1,0,0,0,0,0,1,0,0,0
46102,2,1,3,14,0,1,0,0,1,1,1,0,2,7,0,0,0,0,0,0,0,3492,61,3,0,1,0,0,0,1,0,0,0,0,0
84574,0,0,72,387,20,713,38,54,163,1,9,11,11,5,0,0,0,0,0,0,0,3771,71,0,0,1,0,0,0,0,0,1,0,0,0
56181,0,1,6,121,103,69,8,44,48,1,4,2,7,4,0,0,0,0,0,0,0,3918,61,1,0,1,0,0,0,0,1,0,0,0,0
63120,0,1,53,965,69,279,54,41,69,5,8,4,9,7,0,0,0,0,0,0,1,4020,73,1,0,0,1,0,0,1,0,0,0,0,0
73691,0,1,58,707,21,250,85,43,73,2,6,2,8,2,1,0,0,0,0,0,0,3616,52,1,0,1,0,0,0,0,1,0,0,0,0
63381,0,1,78,571,50,142,33,50,159,4,4,5,13,2,0,0,0,0,0,0,0,4013,63,1,0,1,0,0,0,0,0,0,1,0,0
76140,0,0,57,586,66,653,17,0,26,1,5,9,6,2,0,0,0,0,0,0,0,3428,75,0,0,0,0,1,0,0,0,0,1,0,0
62859,0,1,37,1063,89,102,16,12,25,4,9,4,6,6,0,0,0,0,0,0,0,3927,64,1,0,0,0,1,0,1,0,0,0,0,0
45906,0,1,20,305,3,27,4,3,144,2,5,4,4,5,1,0,0,0,0,0,0,3799,59,1,0,1,0,0,0,0,0,1,0,0,0
77632,0,0,73,1200,105,758,0,42,147,1,4,2,6,2,0,1,1,0,0,0,1,3857,76,0,0,0,1,0,0,0,0,0,1,0,0
46463,1,1,56,163,2,40,8,11,11,7,3,1,6,6,0,0,0,0,0,0,0,3696,52,2,0,0,0,1,0,0,1,0,0,0,0
105471,0,0,36,1009,181,104,202,21,207,0,9,8,13,3,0,0,1,1,0,0,1,3905,53,0,0,1,0,0,0,0,0,0,1,0,0
55282,1,0,9,125,6,73,8,4,19,1,3,1,6,4,0,0,0,0,0,0,0,3579,53,1,0,0,1,0,0,1,0,0,0,0,0
78710,0,1,42,721,0,152,119,50,50,3,7,6,12,4,0,0,0,0,0,0,0,3418,46,1,0,0,1,0,0,0,1,0,0,0,0
66886,0,1,28,315,4,62,41,31,146,2,7,1,7,5,0,0,0,0,0,0,0,3667,65,1,0,1,0,0,0,0,0,0,1,0,0
98777,0,0,23,1000,19,711,125,115,38,0,4,6,9,1,0,1,0,0,0,0,0,3513,63,0,0,0,1,0,0,0,0,1,0,0,0
29103,1,0,38,16,0,17,6,3,6,2,1,0,3,9,0,0,0,0,0,0,0,4052,38,1,0,1,0,0,0,0,0,0,1,0,0
67445,0,1,63,757,80,217,29,80,11,5,9,6,12,6,0,0,0,0,0,0,0,4067,49,1,0,1,0,0,0,0,1,0,0,0,0
50616,0,1,71,30,2,25,0,1,9,1,1,1,4,2,0,0,0,0,0,0,0,3458,73,1,0,0,0,1,0,0,0,0,1,0,0
49431,0,1,9,219,3,100,26,0,17,2,7,1,5,8,0,0,0,0,0,0,0,4076,68,1,0,1,0,0,0,1,0,0,0,0,0
153924,0,0,81,1,1,1,1,1,1,0,0,0,0,0,0,0,0,0,0,0,0,3523,48,0,0,1,0,0,0,1,0,0,0,0,0
61278,0,1,87,111,3,28,2,6,15,2,3,1,4,6,0,0,0,0,0,0,0,3557,70,1,0,1,0,0,0,0,0,0,1,0,0
26490,0,0,92,45,47,52,21,20,25,2,3,1,5,6,0,0,0,0,0,0,0,4026,65,0,0,0,0,0,0,0,0,0,1,0,0
73059,0,1,36,410,112,420,0,82,71,1,9,3,13,4,0,0,0,0,0,0,0,3683,76,1,0,0,0,1,0,0,0,0,1,0,0
46734,1,2,86,100,1,39,6,1,76,4,3,2,3,6,1,0,0,0,0,0,0,3632,57,3,0,0,0,1,0,0,0,1,0,0,0
56253,0,1,83,509,0,65,7,11,5,4,7,2,9,6,0,0,0,0,0,0,0,3950,60,1,0,1,0,0,0,0,0,0,1,0,0
19986,1,0,74,3,6,5,0,2,6,1,0,0,3,7,0,0,0,0,0,0,0,3608,38,1,0,1,0,0,0,0,1,0,0,0,0
58330,0,1,87,445,53,213,104,98,151,1,6,4,13,4,0,0,0,0,0,0,0,3567,48,1,0,1,0,0,0,0,0,0,0,1,0
25965,0,0,29,2,2,11,41,7,11,1,2,0,3,8,0,0,0,0,0,0,0,4041,43,0,1,0,0,0,0,0,1,0,0,0,0
14661,0,0,88,4,1,11,6,2,2,1,1,0,3,6,0,0,0,0,0,0,0,3925,67,0,0,0,1,0,0,0,0,0,1,0,0
18690,0,0,77,6,1,7,23,4,19,1,1,1,2,8,0,0,0,0,0,0,0,3929,64,0,0,1,0,0,0,0,1,0,0,0,0
45068,0,1,25,14,0,3,0,0,3,1,1,0,2,7,0,0,0,0,0,0,0,3790,49,1,0,0,0,1,0,0,0,0,1,0,0
21063,1,0,34,1,10,11,19,3,15,2,2,0,3,6,0,0,0,0,0,0,0,3658,36,1,1,0,0,0,0,0,0,1,0,0,0
29187,1,0,43,26,0,6,0,0,2,1,1,0,3,8,0,0,0,0,0,0,0,3797,55,1,0,0,0,1,0,0,1,0,0,0,0
54690,1,1,76,111,16,37,7,9,18,3,3,1,5,3,0,0,0,0,0,0,0,3615,52,2,0,0,0,0,0,0,1,0,0,0,0
59304,0,1,81,418,61,428,80,51,10,3,7,8,10,5,0,0,0,0,0,0,0,3716,59,1,0,0,0,1,0,0,1,0,0,0,0
59247,0,2,87,327,9,122,19,14,83,5,5,2,9,6,0,0,0,0,0,0,0,3614,61,2,0,0,1,0,0,0,0,1,0,0,0
66731,0,1,33,371,159,194,58,106,141,4,4,3,6,3,0,0,0,0,0,0,0,4036,53,1,0,1,0,0,0,0,0,0,0,1,0
77353,0,1,38,275,59,107,69,101,59,2,6,4,8,4,0,0,0,0,0,0,0,3576,43,1,0,1,0,0,0,0,1,0,0,0,0
52614,0,1,63,789,0,142,12,9,38,2,2,4,8,8,0,0,0,0,0,0,0,3956,48,1,0,0,0,1,0,0,0,1,0,0,0
26751,2,0,26,1,1,5,0,3,1,1,1,0,2,8,0,0,0,0,0,0,0,3419,49,2,0,1,0,0,0,0,1,0,0,0,0
81300,0,1,17,1004,12,145,32,12,36,3,10,3,5,5,0,0,0,1,0,0,1,3988,60,1,0,0,0,1,0,0,1,0,0,0,0
70337,0,0,75,187,81,149,25,43,91,1,2,2,12,1,0,0,0,0,0,0,0,3559,44,0,0,1,0,0,0,0,0,1,0,0,0
36145,1,0,13,56,4,76,17,1,18,4,4,1,3,9,1,0,0,0,0,0,1,3759,38,1,0,0,0,0,0,0,1,0,0,0,0
65295,0,0,19,365,32,117,34,110,6,1,3,3,13,2,0,0,0,0,0,0,0,3569,43,0,0,0,0,1,0,0,0,1,0,0,0
68118,0,1,51,595,23,123,10,23,154,2,8,9,4,6,0,0,0,0,0,0,0,3635,60,1,0,1,0,0,0,1,0,0,0,0,0
68743,0,0,81,1132,134,384,175,134,115,1,11,5,13,7,0,0,0,0,0,0,0,4049,56,0,0,1,0,0,0,1,0,0,0,0,0
41039,0,0,32,34,11,137,179,61,45,1,8,1,5,8,0,0,0,0,0,0,0,3720,41,0,0,0,0,0,0,0,0,0,1,0,0
38946,0,1,84,116,6,82,6,6,41,2,3,1,6,5,0,0,0,0,0,0,0,3629,68,1,0,1,0,0,0,0,0,0,1,0,0
65777,0,0,87,565,32,435,28,32,54,1,2,8,6,1,0,0,0,0,0,0,0,3573,56,0,0,1,0,0,0,0,0,0,1,0,0
66476,0,1,99,372,18,126,47,48,78,2,5,2,11,4,0,0,0,0,0,0,0,3860,47,1,0,0,0,1,0,1,0,0,0,0,0
86857,0,0,96,899,102,838,133,102,40,1,5,6,10,2,0,0,0,0,0,0,1,4036,51,0,0,0,0,1,0,0,0,1,0,0,0
160803,0,0,21,55,16,1622,17,3,4,15,0,28,1,0,0,0,0,0,0,0,0,4075,41,0,0,0,0,1,0,0,1,0,0,0,0
77845,0,0,40,760,40,480,0,40,26,1,3,5,12,1,0,0,1,1,0,0,0,3425,34,0,0,0,0,1,0,0,0,0,1,0,0
69476,0,0,3,260,86,559,63,9,67,1,4,6,4,2,0,0,0,0,0,0,0,3653,54,0,0,0,0,1,0,0,0,0,1,0,0
50611,0,1,98,459,0,24,6,0,4,6,4,5,7,6,0,1,0,0,0,0,1,4014,63,1,0,0,0,1,0,1,0,0,0,0,0
61209,0,0,73,466,0,224,119,49,99,1,5,3,4,2,0,0,0,0,0,0,0,3689,53,0,0,1,0,0,0,0,0,1,0,0,0
42315,0,1,90,67,15,80,17,11,80,3,1,4,4,3,0,0,0,0,0,0,0,3733,65,1,0,0,1,0,0,0,0,0,1,0,0
13084,0,0,29,2,0,7,3,7,10,1,1,0,3,6,0,0,0,0,0,0,0,3620,71,0,1,0,0,0,0,0,0,0,1,0,0
47570,1,1,3,67,1,20,0,2,31,3,2,2,2,7,0,0,0,0,0,0,1,3777,74,2,0,0,1,0,0,0,0,0,0,1,0
61923,0,2,94,92,4,18,3,3,6,1,2,1,4,3,0,0,0,0,0,0,0,3719,62,2,0,0,1,0,0,0,1,0,0,0,0
34824,0,0,65,4,2,11,2,0,4,1,1,0,2,6,0,0,0,0,0,0,0,3476,28,0,0,1,0,0,0,0,0,1,0,0,0
26518,1,1,33,20,1,28,3,3,2,3,2,0,3,8,0,0,0,0,0,0,1,3828,74,2,0,0,0,1,0,0,0,1,0,0,0
45938,0,0,46,273,11,178,62,83,29,2,8,4,6,6,0,0,0,0,0,0,0,3619,62,0,0,1,0,0,0,0,0,1,0,0,0
78468,0,0,29,434,22,388,104,22,34,1,10,7,10,4,0,0,0,1,0,0,0,3462,63,0,0,1,0,0,0,0,0,0,1,0,0
78901,0,1,99,321,11,309,33,26,34,3,9,3,5,4,0,0,0,0,0,0,0,3666,50,1,0,1,0,0,0,1,0,0,0,0,0
71427,2,0,26,212,123,177,15,64,23,2,8,2,8,4,0,0,0,0,0,0,0,3490,45,2,0,1,0,0,0,0,1,0,0,0,0
71022,0,1,30,909,12,278,0,12,242,3,5,2,11,8,1,0,0,0,0,0,0,3519,45,1,0,1,0,0,0,1,0,0,0,0,0
90247,0,0,27,1184,32,352,21,16,16,1,3,4,7,1,0,1,1,1,0,0,1,3442,35,0,0,0,1,0,0,0,0,1,0,0,0
41335,1,0,24,112,19,21,16,14,5,3,4,1,4,7,0,0,0,0,0,0,0,3566,55,1,0,0,1,0,0,1,0,0,0,0,0
71952,1,0,93,656,80,455,52,107,93,2,8,4,8,4,1,0,1,0,0,0,0,3916,37,1,0,1,0,0,0,0,1,0,0,0,0
35682,1,0,34,23,0,8,6,2,18,1,1,1,3,2,0,0,0,0,0,0,0,3383,53,1,0,0,0,1,0,1,0,0,0,0,0
43185,0,1,88,537,6,42,16,6,30,2,9,3,6,8,0,0,0,0,0,0,0,3826,72,1,0,1,0,0,0,1,0,0,0,0,0
66375,0,1,96,712,0,45,0,0,191,3,2,4,5,7,1,0,0,0,0,0,0,3601,75,1,0,0,0,1,0,0,0,0,1,0,0
35178,1,0,10,23,1,13,2,2,18,1,1,1,2,7,1,0,0,0,0,0,1,3916,52,1,0,0,1,0,0,0,1,0,0,0,0
25252,1,0,26,1,3,4,2,2,6,1,1,0,2,8,0,0,0,0,0,0,0,3733,37,1,0,1,0,0,0,0,1,0,0,0,0
55250,0,1,49,664,58,83,32,0,66,4,7,5,10,5,0,0,0,0,0,0,0,3997,58,1,0,0,1,0,0,0,0,1,0,0,0
33249,1,0,11,6,10,21,19,14,42,2,2,1,3,6,0,0,0,0,0,0,0,3875,48,1,0,1,0,0,0,0,0,1,0,0,0
58398,0,0,44,299,5,201,21,21,49,3,5,4,8,4,0,0,0,0,0,0,0,3792,70,0,0,1,0,0,0,0,0,0,1,0,0
50272,1,0,75,99,13,66,43,8,4,3,4,1,5,7,0,0,0,0,0,0,0,3707,41,1,0,1,0,0,0,0,0,0,1,0,0
76618,0,0,64,749,40,294,121,160,147,1,3,2,5,1,0,0,0,0,0,0,0,3950,48,0,0,0,0,1,0,0,1,0,0,0,0
87305,0,0,19,345,25,501,63,138,80,1,5,3,8,2,0,0,1,0,0,0,1,4025,63,0,0,0,0,0,0,1,0,0,0,0,0
25851,1,0,45,9,4,18,7,5,5,2,2,0,3,7,0,0,0,0,0,0,0,3884,45,1,0,1,0,0,0,0,0,0,1,0,0
58710,0,1,77,440,81,368,0,122,174,6,11,5,9,6,0,0,0,0,0,0,0,3836,53,1,0,1,0,0,0,1,0,0,0,0,0
45160,1,1,9,8,2,5,3,0,3,1,1,0,2,7,0,0,0,0,0,0,0,3473,65,2,0,1,0,0,0,0,0,1,0,0,0
74806,0,1,1,670,9,249,0,28,9,2,5,4,5,4,0,0,0,0,0,0,0,3938,58,1,0,0,1,0,0,0,1,0,0,0,0
59111,0,0,90,524,0,134,28,28,155,1,11,1,8,7,0,0,0,0,0,0,0,3804,69,0,0,1,0,0,0,0,1,0,0,0,0
18988,1,0,43,6,0,6,2,1,1,2,1,0,3,7,0,0,0,0,0,0,0,3418,39,1,0,0,0,1,0,0,1,0,0,0,0
72190,0,0,79,597,166,597,172,166,249,1,5,6,4,3,0,0,0,0,0,0,0,3882,58,0,0,1,0,0,0,0,1,0,0,0,0
7500,1,0,19,7,0,12,13,7,32,5,4,1,2,9,1,0,0,0,0,0,1,4078,47,1,0,1,0,0,0,0,1,0,0,0,0
44794,0,1,99,54,0,7,0,0,4,1,2,0,3,6,0,0,0,0,0,0,0,3402,57,1,0,1,0,0,0,0,1,0,0,0,0
80395,0,0,62,445,25,706,80,76,48,1,6,5,12,2,0,0,0,1,0,0,0,3599,68,0,0,1,0,0,0,0,1,0,0,0,0
75012,0,0,41,294,142,218,164,58,151,1,3,8,11,1,0,0,0,0,0,0,0,3536,47,0,0,0,1,0,0,1,0,0,0,0,0
56962,2,1,60,292,3,77,10,3,26,7,6,3,5,7,0,0,0,0,0,0,0,3642,58,3,0,0,1,0,0,0,1,0,0,0,0
89891,0,0,17,412,22,132,59,28,183,1,11,6,8,4,0,0,1,0,0,0,0,3821,32,0,0,1,0,0,0,0,0,0,1,0,0
35946,1,1,24,8,0,3,0,0,0,1,0,0,3,5,0,0,0,0,0,0,0,3656,74,2,0,0,0,1,0,1,0,0,0,0,0
53593,1,1,60,349,4,78,6,0,43,8,7,2,6,8,0,0,0,0,0,0,0,4072,70,2,0,0,0,1,0,0,0,0,1,0,0
66373,1,1,57,328,9,124,12,24,109,7,4,2,10,3,0,0,0,0,0,0,0,3763,45,2,0,1,0,0,0,0,1,0,0,0,0
45072,1,2,74,144,2,99,7,2,30,5,6,1,4,8,0,0,0,0,0,0,0,3637,75,3,0,0,0,1,0,1,0,0,0,0,0
89694,1,1,22,1126,28,211,37,28,42,3,4,3,4,5,0,1,1,1,0,0,0,3644,50,2,0,1,0,0,0,1,0,0,0,0,0
72025,0,0,46,967,0,617,43,50,0,1,4,8,13,2,0,1,1,1,0,0,1,3442,74,0,0,1,0,0,0,0,1,0,0,0,0
67432,0,1,69,432,79,341,177,136,170,2,8,5,4,4,0,0,0,0,0,0,0,3838,50,1,0,1,0,0,0,0,1,0,0,0,0
70545,0,1,29,138,39,63,55,18,21,1,4,1,7,2,0,0,0,0,0,0,0,3407,71,1,0,0,1,0,0,0,0,0,1,0,0
17487,1,0,37,0,0,1,7,4,6,1,1,0,2,7,0,0,0,0,0,0,0,3849,34,1,1,0,0,0,0,0,1,0,0,0,0
62882,0,1,26,509,133,497,78,24,97,2,7,5,6,4,0,0,0,0,0,0,0,4070,54,1,0,1,0,0,0,0,0,0,1,0,0
64108,0,1,8,948,10,86,13,21,21,4,6,9,11,5,0,0,0,0,0,0,0,3844,70,1,0,0,0,1,0,0,0,1,0,0,0
34941,1,1,26,39,2,25,4,3,24,2,3,0,3,8,0,0,0,0,0,0,0,3861,67,2,0,0,1,0,0,0,0,0,1,0,0
48767,1,2,79,28,1,21,3,0,10,3,2,1,3,5,0,0,0,0,0,0,0,3560,73,3,0,0,0,1,0,0,0,1,0,0,0
38702,1,0,71,13,11,24,13,8,40,2,3,0,4,6,0,0,0,0,0,0,0,3713,45,1,0,0,0,0,0,0,0,0,1,0,0
82224,0,0,83,307,26,360,138,31,40,1,6,9,5,3,0,0,0,1,0,0,0,3536,59,0,0,1,0,0,0,0,1,0,0,0,0
83844,0,0,57,901,31,345,75,31,191,1,4,4,11,1,0,0,1,0,0,0,0,3794,71,0,0,1,0,0,0,0,0,0,1,0,0
17003,1,0,37,2,5,12,4,8,7,3,2,0,4,5,0,0,0,0,0,0,0,3583,48,1,0,0,0,0,0,0,1,0,0,0,0
71163,0,0,30,283,17,372,138,106,44,1,3,8,12,1,0,0,0,0,0,0,0,3493,28,0,0,1,0,0,0,0,0,1,0,0,0
33697,1,0,34,4,3,7,0,3,11,1,1,0,2,7,1,0,0,0,0,0,0,3668,53,1,0,1,0,0,0,0,0,1,0,0,0
63564,0,0,0,769,80,252,15,34,65,1,10,10,7,6,1,0,0,0,0,0,1,3532,69,0,0,0,0,0,0,0,1,0,0,0,0
83443,0,0,89,518,42,742,55,56,84,1,6,10,5,2,0,0,0,0,0,0,0,3561,51,0,0,0,0,1,0,0,0,0,1,0,0
51518,0,1,92,350,8,66,17,4,4,2,3,2,10,3,0,0,0,0,0,0,0,3650,65,1,0,0,0,1,0,0,0,0,1,0,0
58330,0,1,87,445,53,213,104,98,151,1,6,4,13,4,0,0,0,0,0,0,0,3567,48,1,0,1,0,0,0,0,0,0,0,1,0
80952,0,0,20,778,178,689,41,27,44,1,8,5,11,8,0,1,1,1,0,0,1,3867,54,0,0,1,0,0,0,0,1,0,0,0,0
75507,0,0,56,709,93,374,104,80,80,1,8,6,6,3,0,0,0,0,0,0,0,3439,44,0,0,1,0,0,0,0,0,0,1,0,0
63855,0,0,28,359,35,314,93,116,89,1,7,3,13,4,0,0,0,0,0,0,0,3886,45,0,0,0,0,0,0,0,0,0,1,0,0
62220,0,1,55,799,12,375,16,12,12,5,7,6,5,6,0,0,0,0,0,0,1,4068,51,1,0,0,0,1,0,0,0,0,1,0,0
58512,0,1,25,895,10,101,13,0,152,5,3,4,8,8,0,0,0,0,0,0,0,3664,59,1,0,1,0,0,0,0,1,0,0,0,0
40662,1,0,0,40,2,23,0,4,23,2,2,1,3,4,0,0,0,0,0,0,0,3852,44,1,0,0,1,0,0,0,1,0,0,0,0
38829,0,1,86,76,0,7,0,0,16,1,3,2,2,5,0,0,0,0,0,0,0,3465,64,1,0,0,0,1,0,0,1,0,0,0,0
35523,1,0,8,11,5,22,12,5,11,2,3,0,3,7,0,0,0,0,0,0,0,3650,42,1,0,0,0,0,0,0,1,0,0,0,0
79146,1,1,33,245,16,223,21,43,16,2,8,1,8,6,0,0,0,0,0,0,0,3447,56,2,0,1,0,0,0,0,0,1,0,0,0
78285,0,0,13,647,107,391,175,67,40,1,6,4,10,3,0,0,0,0,0,0,0,3625,35,0,0,0,1,0,0,0,1,0,0,0,0
31626,1,0,12,39,1,9,2,1,34,1,2,1,2,7,1,0,0,0,0,0,1,3796,45,1,0,0,0,1,0,0,0,1,0,0,0
75127,0,0,92,203,35,305,46,17,227,1,2,11,5,1,0,0,0,0,0,0,0,3419,71,0,0,1,0,0,0,0,0,1,0,0,0
48726,0,1,90,138,3,38,4,0,59,3,3,2,4,6,0,0,0,0,0,0,0,3809,68,1,0,1,0,0,0,0,1,0,0,0,0
74985,0,0,8,587,51,898,247,0,86,1,3,6,7,2,0,0,0,0,0,0,0,4037,46,0,0,1,0,0,0,0,1,0,0,0,0
67430,0,0,6,595,97,291,127,133,121,1,11,5,12,6,0,0,0,0,0,0,0,4043,36,0,0,1,0,0,0,0,0,0,1,0,0
46891,0,1,91,43,12,23,29,15,61,1,2,1,4,4,0,0,0,0,0,0,0,3682,58,1,0,0,0,0,0,0,1,0,0,0,0
62058,0,1,52,301,7,74,10,0,58,4,6,1,7,6,0,0,0,0,0,0,0,3780,67,1,0,0,1,0,0,0,1,0,0,0,0
72063,0,1,3,180,32,348,76,32,90,2,5,2,12,2,0,0,0,0,0,0,0,3742,44,1,0,1,0,0,0,0,1,0,0,0,0
78939,0,0,57,794,115,243,150,0,205,1,8,5,6,3,0,0,0,0,0,0,0,3580,72,0,0,0,0,1,0,0,1,0,0,0,0
42720,1,1,9,392,5,91,28,26,112,8,7,3,7,8,0,0,0,0,0,0,1,3812,58,2,0,1,0,0,0,0,0,1,0,0,0
33622,1,1,22,39,1,22,3,4,12,3,2,0,4,7,0,0,0,0,0,0,0,3823,51,2,0,1,0,0,0,0,1,0,0,0,0
6835,0,1,76,107,2,12,2,2,12,0,0,0,1,20,0,0,0,0,0,0,0,3949,66,1,0,0,0,1,0,0,0,0,1,0,0
41452,1,1,86,13,0,3,0,0,0,1,1,0,2,7,0,0,0,0,0,0,0,3861,70,2,0,1,0,0,0,0,0,0,1,0,0
40760,0,1,64,70,0,17,0,0,6,2,2,1,3,6,0,0,0,0,0,0,0,3684,58,1,0,0,0,1,0,0,0,1,0,0,0
74250,0,0,90,680,11,392,75,0,0,1,2,11,4,1,0,0,0,0,0,0,0,3535,65,0,0,0,0,1,0,0,0,0,1,0,0
51124,1,1,79,26,1,11,0,1,4,2,1,0,3,3,0,0,0,0,0,0,0,3574,68,2,0,0,1,0,0,0,0,1,0,0,0
72258,0,1,28,522,0,522,227,120,134,2,6,9,5,2,0,0,0,0,0,0,0,3671,52,1,0,1,0,0,0,0,0,1,0,0,0
71466,0,0,86,412,12,546,78,182,0,1,4,4,10,1,0,0,0,0,0,0,0,3466,49,0,0,0,0,1,0,0,0,1,0,0,0
36283,1,1,42,6,5,5,8,0,5,2,1,0,3,4,0,0,0,0,0,0,0,3457,47,2,0,1,0,0,0,0,0,0,1,0,0
20587,1,0,39,2,3,6,4,1,9,1,1,1,2,7,0,0,0,0,0,0,0,3430,53,1,0,1,0,0,0,0,0,1,0,0,0
30467,1,0,8,1,3,8,2,5,5,1,1,0,2,7,0,0,0,0,0,0,0,3483,51,1,0,1,0,0,0,0,1,0,0,0,0
31590,1,0,40,6,2,15,6,6,3,1,1,0,3,8,0,0,0,0,0,0,0,3757,51,1,0,1,0,0,0,0,0,0,1,0,0
20425,1,0,5,4,12,5,3,16,17,2,2,0,3,7,0,0,0,0,0,0,0,3989,37,1,1,0,0,0,0,0,1,0,0,0,0
17144,1,1,96,18,2,19,0,2,6,5,3,0,4,7,0,0,0,0,0,0,0,3515,63,2,0,0,1,0,0,0,0,0,1,0,0
42564,0,1,28,324,48,186,39,18,198,6,6,8,4,7,1,0,0,0,0,0,1,3924,55,1,0,0,0,1,0,1,0,0,0,0,0
43783,1,0,22,327,9,125,25,4,139,6,7,1,8,7,1,0,0,0,0,0,0,3412,45,1,0,0,1,0,0,0,1,0,0,0,0
40780,0,1,30,229,27,71,13,3,34,4,7,1,5,9,0,0,0,0,0,0,0,4040,47,1,0,1,0,0,0,1,0,0,0,0,0
62847,0,0,45,521,168,706,80,76,61,1,3,6,4,2,0,0,0,0,0,0,0,3911,78,0,0,0,1,0,0,0,0,0,1,0,0
82017,0,0,58,184,23,446,30,23,23,1,5,4,7,2,0,1,1,1,0,0,1,3980,66,0,0,0,0,1,0,0,1,0,0,0,0
16813,0,0,49,4,8,11,12,2,13,1,2,0,3,7,1,0,0,0,0,0,0,3726,73,0,0,1,0,0,0,0,0,1,0,0,0
51267,1,1,37,183,2,64,7,2,12,4,3,3,5,4,0,0,0,0,0,0,0,3624,45,2,0,1,0,0,0,0,1,0,0,0,0
46524,0,1,70,31,19,35,26,14,52,2,1,1,5,3,0,0,0,0,0,0,0,3831,62,1,0,1,0,0,0,0,0,1,0,0,0
45183,0,0,33,219,3,60,12,9,12,1,4,1,7,7,0,1,0,0,0,0,0,3906,61,0,0,0,1,0,0,0,0,1,0,0,0
70421,0,1,98,479,28,136,75,14,35,3,10,3,7,6,0,0,0,0,0,0,0,3382,69,1,0,0,0,1,0,0,1,0,0,0,0
60161,0,1,17,584,44,212,46,8,177,3,11,4,8,8,0,0,0,0,0,0,0,3995,58,1,0,0,0,0,0,1,0,0,0,0,0
73926,0,0,54,627,91,597,159,91,15,1,6,5,12,3,0,0,0,0,0,0,0,3865,50,0,0,1,0,0,0,0,0,0,1,0,0
19329,1,0,39,24,1,16,12,2,5,3,4,0,3,8,0,0,0,0,0,0,0,3578,55,1,0,1,0,0,0,0,1,0,0,0,0
61872,0,1,81,330,5,159,36,27,16,4,4,4,9,4,0,0,0,0,0,0,0,3579,53,1,0,0,1,0,0,0,1,0,0,0,0
46984,1,1,71,19,1,10,2,1,8,1,1,0,3,5,0,0,0,0,0,0,0,3841,67,2,0,1,0,0,0,0,0,0,0,1,0
34838,1,1,62,28,23,29,29,14,47,3,2,1,4,6,0,0,0,0,0,0,0,3907,72,2,0,1,0,0,0,0,1,0,0,0,0
82716,0,0,8,606,148,228,15,148,22,1,6,8,13,2,0,0,0,0,0,0,0,3617,79,0,0,0,0,1,0,0,0,1,0,0,0
48192,0,0,76,1039,43,204,153,58,29,3,2,8,12,8,0,1,0,1,1,0,1,3830,65,0,0,1,0,0,0,0,1,0,0,0,0
49681,0,2,66,411,0,26,0,0,21,6,7,1,7,7,0,0,0,0,0,0,0,3618,47,2,0,0,1,0,0,0,1,0,0,0,0
56850,0,1,83,34,1,19,2,7,0,1,1,1,3,2,0,0,0,0,0,0,0,3479,52,1,0,0,1,0,0,0,1,0,0,0,0
55267,0,1,28,161,28,136,32,3,45,4,3,4,6,3,0,0,0,0,0,0,0,3632,66,1,0,1,0,0,0,0,1,0,0,0,0
59666,1,1,87,623,53,178,23,17,133,7,3,2,8,8,0,1,0,0,0,0,0,3845,51,2,0,1,0,0,0,0,1,0,0,0,0
72504,0,1,43,604,26,470,123,161,94,2,5,9,6,2,0,0,0,0,0,0,0,3830,51,1,0,1,0,0,0,0,0,1,0,0,0
26872,0,0,0,3,10,8,3,16,32,1,1,1,2,6,0,0,0,0,0,0,0,3637,42,0,0,1,0,0,0,0,1,0,0,0,0
21359,1,0,1,12,2,17,6,1,10,2,2,0,3,8,0,0,0,0,0,0,1,3816,51,1,0,1,0,0,0,0,0,1,0,0,0
73170,0,0,1,184,174,256,50,30,32,1,5,4,6,2,0,0,0,0,0,0,0,3410,48,0,0,1,0,0,0,0,0,1,0,0,0
52750,0,1,72,393,0,239,90,69,69,6,5,7,9,4,0,0,0,0,0,0,0,3891,68,1,0,0,1,0,0,0,1,0,0,0,0
91820,0,0,72,410,73,747,76,161,30,0,5,5,12,1,0,0,0,0,0,0,0,3599,37,0,0,0,0,1,0,0,0,0,1,0,0
65968,0,1,12,376,9,83,19,4,4,2,5,4,7,3,0,0,0,0,0,0,0,3429,53,1,0,0,0,1,0,0,0,0,1,0,0
30772,1,1,89,7,2,4,2,1,4,1,1,0,2,6,0,0,0,0,0,0,0,3490,47,2,0,1,0,0,0,0,1,0,0,0,0
22507,0,0,67,68,0,226,51,157,68,3,10,2,4,9,0,0,0,0,0,0,0,3963,69,0,0,1,0,0,0,0,0,1,0,0,0
65685,0,1,54,642,14,49,0,7,57,1,9,2,9,5,0,0,0,0,0,0,0,3473,51,1,0,1,0,0,0,0,1,0,0,0,0
25804,1,0,34,8,7,9,13,6,12,2,2,0,3,8,0,0,0,0,0,0,0,3682,45,1,0,0,0,0,0,0,1,0,0,0,0
76412,0,0,15,840,53,804,23,71,17,1,5,4,8,3,0,0,1,1,0,0,1,3801,43,0,0,0,0,1,0,0,0,1,0,0,0
22063,1,0,43,7,10,13,3,11,11,2,2,0,3,7,0,0,0,0,0,0,0,3706,51,1,0,1,0,0,0,0,1,0,0,0,0
57091,0,0,0,464,5,64,7,0,37,1,7,3,7,5,0,0,0,0,1,0,1,3395,62,0,0,1,0,0,0,0,0,1,0,0,0
22419,0,0,74,30,3,47,19,21,42,1,3,2,2,8,0,0,0,0,0,0,0,3818,60,0,0,1,0,0,0,0,1,0,0,0,0
87771,0,1,61,1492,38,287,50,57,33,1,5,10,4,6,0,1,1,1,1,0,1,3784,64,1,0,1,0,0,0,0,0,0,1,0,0
78353,0,1,51,752,122,476,39,153,34,1,10,2,11,8,0,0,0,0,0,0,0,3820,64,1,0,0,0,0,0,1,0,0,0,0,0
93404,1,2,97,1279,15,287,20,0,15,3,3,4,7,5,0,1,1,0,0,0,0,3799,69,3,0,1,0,0,0,0,1,0,0,0,0
37859,1,2,75,22,1,8,2,1,2,2,1,0,3,8,0,0,0,0,0,0,0,3914,61,3,0,1,0,0,0,1,0,0,0,0,0
80995,0,1,83,860,28,409,73,56,56,1,8,9,4,4,0,0,0,0,0,0,0,3795,65,1,0,0,0,1,0,0,0,0,0,1,0
16529,1,0,23,3,0,5,13,0,1,1,1,0,3,6,0,0,0,0,0,0,0,3501,39,1,0,1,0,0,0,0,0,0,1,0,0
55412,1,1,65,10,5,28,11,1,8,1,2,0,3,5,0,0,0,0,0,0,0,3600,47,2,0,0,0,1,0,1,0,0,0,0,0
48789,0,0,94,351,16,156,7,5,145,1,6,4,7,6,0,0,0,0,0,0,0,4038,31,0,0,1,0,0,0,0,0,1,0,0,0
56575,0,2,42,421,5,90,0,16,10,3,7,3,7,5,0,0,0,0,0,0,0,3801,56,2,0,0,0,1,0,0,0,0,1,0,0
25130,1,0,10,2,5,7,0,18,18,2,2,0,3,7,0,0,0,0,0,0,0,3651,43,1,0,0,0,0,0,0,0,0,1,0,0
35441,1,1,94,25,1,9,2,1,1,2,1,0,3,8,0,0,0,0,0,0,0,3881,56,2,0,1,0,0,0,0,1,0,0,0,0
71391,0,1,50,336,123,274,46,123,141,5,6,5,12,3,0,0,0,0,0,0,0,3838,67,1,0,1,0,0,0,0,1,0,0,0,0
49494,1,0,46,191,9,97,0,6,82,2,6,1,5,7,0,0,0,0,0,0,0,3811,51,1,0,0,1,0,0,0,0,1,0,0,0
81702,0,0,98,563,50,774,28,31,187,1,7,7,12,3,0,0,0,0,0,0,0,4025,43,0,0,1,0,0,0,1,0,0,0,0,0
45889,0,1,42,31,0,6,0,1,8,1,1,0,3,6,0,0,0,0,0,0,0,3743,43,1,0,0,0,0,0,0,0,1,0,0,0
56628,0,1,30,479,5,82,7,17,171,2,7,6,5,5,1,0,0,0,0,0,0,3481,46,1,0,1,0,0,0,0,0,1,0,0,0
34026,1,1,11,18,6,15,12,8,17,3,2,1,3,5,0,0,0,0,0,0,0,3709,73,2,0,1,0,0,0,0,0,0,1,0,0
40049,0,1,61,91,65,52,10,44,28,3,3,2,6,5,0,0,0,0,0,0,0,3958,49,1,0,1,0,0,0,0,1,0,0,0,0
34176,1,0,12,5,7,24,19,14,20,4,3,0,4,6,0,0,0,0,0,0,0,3429,35,1,0,1,0,0,0,0,0,1,0,0,0
19419,1,0,76,2,14,28,16,3,7,4,4,0,3,9,0,0,0,0,0,0,0,3977,42,1,0,1,0,0,0,0,1,0,0,0,0
82504,0,0,2,362,50,431,134,35,54,1,3,6,7,1,0,0,0,0,0,0,0,3718,63,0,0,0,0,0,0,0,1,0,0,0,0
81205,0,0,43,724,74,929,97,55,130,1,5,6,7,2,1,0,1,0,1,0,1,3548,53,0,0,1,0,0,0,0,0,0,1,0,0
61618,0,0,27,605,91,399,0,45,205,2,3,6,8,3,0,0,0,0,0,0,0,4019,32,0,0,0,0,0,0,0,0,1,0,0,0
55284,0,1,60,547,7,140,0,7,63,3,7,5,8,5,0,0,0,0,0,0,0,3933,67,1,0,0,1,0,0,0,0,1,0,0,0
49980,0,1,79,104,1,54,13,9,14,2,3,1,5,5,0,0,0,0,0,0,0,3630,60,1,0,1,0,0,0,0,0,1,0,0,0
15072,2,0,96,8,2,15,0,10,18,4,3,1,3,5,0,0,0,0,0,0,0,3796,43,2,0,1,0,0,0,0,1,0,0,0,0
49166,0,1,17,224,2,25,7,0,110,2,5,3,3,6,0,0,0,0,0,0,0,3762,49,1,0,1,0,0,0,0,0,1,0,0,0
65324,0,1,0,384,0,102,21,32,5,3,6,2,9,4,0,0,0,0,0,0,0,3550,69,1,0,0,0,1,0,0,1,0,0,0,0
82347,0,0,38,556,54,845,202,133,63,1,7,7,10,3,1,0,0,1,0,0,0,3981,66,0,0,0,0,0,0,0,1,0,0,0,0
30843,1,1,43,24,0,2,0,0,9,2,1,1,2,5,1,0,0,0,0,0,0,3415,57,2,0,0,0,1,0,0,0,0,1,0,0
46374,0,1,1,408,0,21,0,0,17,3,7,1,7,8,0,1,0,1,0,0,1,3485,49,1,0,0,0,1,0,0,1,0,0,0,0
60474,0,1,25,265,199,303,234,9,170,7,10,2,12,7,0,0,0,0,0,0,0,3835,44,1,0,1,0,0,0,0,0,1,0,0,0
38576,0,1,2,34,0,7,0,0,0,1,1,0,3,7,0,0,0,0,0,0,0,3498,50,1,0,0,1,0,0,0,1,0,0,0,0
55357,2,0,66,374,64,116,84,25,64,3,6,2,11,5,0,0,0,0,0,0,0,3876,38,2,0,1,0,0,0,0,1,0,0,0,0
37758,1,1,49,27,2,10,0,0,1,2,1,0,3,8,0,0,0,0,0,0,0,4014,57,2,0,1,0,0,0,0,0,0,1,0,0
85710,0,0,5,600,20,350,29,30,33,1,6,9,10,2,0,0,1,0,0,0,0,3801,34,0,0,0,0,0,0,0,1,0,0,0,0
23228,1,0,71,13,2,18,6,1,0,2,2,0,3,8,0,0,0,0,0,0,0,3535,54,1,0,1,0,0,0,0,0,0,1,0,0
44602,1,1,35,167,2,89,0,0,34,6,6,1,4,8,0,0,0,0,0,0,0,3515,54,2,0,0,1,0,0,0,0,0,1,0,0
7500,0,0,94,0,2,3,4,1,5,1,0,0,3,6,0,0,0,0,0,0,0,3917,36,0,0,1,0,0,0,0,1,0,0,0,0
38683,1,0,80,46,35,69,84,41,66,6,4,1,6,7,0,0,0,0,0,0,0,4014,34,1,0,0,0,0,0,0,0,0,1,0,0
49514,1,0,61,88,39,78,58,13,93,2,6,1,4,7,0,0,0,0,0,0,0,3575,48,1,0,0,0,0,0,0,0,1,0,0,0
57906,0,1,29,243,11,119,10,3,15,3,4,2,8,4,0,0,0,0,0,0,0,3764,50,1,0,0,0,1,0,0,0,0,1,0,0
43456,0,1,0,275,11,68,25,7,7,3,5,1,8,5,0,0,0,0,0,0,0,3841,57,1,0,0,1,0,0,0,0,1,0,0,0
19485,2,0,80,6,0,4,0,0,0,1,1,0,2,7,0,0,0,0,0,0,0,3659,37,2,0,0,1,0,0,0,0,1,0,0,0
53172,0,1,54,121,62,90,68,20,125,3,2,3,8,3,0,0,0,0,0,0,0,3800,45,1,0,1,0,0,0,0,0,0,1,0,0
30545,1,0,71,4,12,15,19,7,12,2,2,0,3,7,0,0,0,0,0,0,0,4001,44,1,0,1,0,0,0,0,0,0,1,0,0
70123,0,0,27,1308,0,396,23,0,0,1,5,7,4,3,0,1,0,0,1,0,0,3655,40,0,0,0,0,1,0,0,0,0,1,0,0
62450,0,1,61,515,47,267,62,66,38,2,5,5,4,3,0,1,0,0,0,0,0,3555,64,1,0,1,0,0,0,0,0,1,0,0,0
21675,1,0,55,4,0,16,17,4,4,3,4,0,3,7,0,0,0,0,0,0,0,3399,47,1,0,1,0,0,0,0,0,0,1,0,0
42395,1,1,35,48,13,57,24,15,25,4,3,1,4,7,0,0,0,0,0,0,0,3467,42,2,0,0,0,0,0,0,0,1,0,0,0
61346,1,0,34,562,58,168,43,16,142,1,5,7,10,3,0,0,0,0,0,0,0,3647,45,1,0,0,1,0,0,0,0,0,1,0,0
80812,0,0,95,769,22,500,210,143,33,1,4,8,5,2,1,0,1,1,0,0,0,3666,70,0,0,1,0,0,0,0,0,0,1,0,0
42835,1,1,64,379,4,93,12,9,98,7,6,6,4,6,0,0,0,0,0,0,0,3745,52,2,0,0,1,0,0,1,0,0,0,0,0
39922,1,0,30,29,12,59,19,1,36,2,3,0,4,8,0,0,0,0,0,0,0,3881,40,1,0,1,0,0,0,0,1,0,0,0,0
86424,0,0,12,387,68,569,89,45,68,1,6,9,12,1,0,0,0,0,0,0,0,3466,67,0,0,0,1,0,0,0,0,1,0,0,0
17117,1,0,96,12,23,38,30,18,7,4,3,1,3,9,0,0,0,0,0,0,0,3909,45,1,0,0,0,0,0,0,0,0,1,0,0
24762,1,0,16,6,10,12,3,15,40,3,3,1,2,8,1,0,0,0,0,0,1,3520,51,1,0,1,0,0,0,0,0,1,0,0,0
35797,0,1,16,27,1,14,4,1,21,2,2,0,3,8,0,0,0,0,0,0,0,4002,48,1,0,1,0,0,0,0,1,0,0,0,0
36627,2,0,78,9,1,5,0,0,1,1,0,0,3,5,0,0,0,0,0,0,0,3722,48,2,0,1,0,0,0,1,0,0,0,0,0
51111,1,1,83,22,0,19,6,5,3,2,2,0,3,6,0,0,0,0,0,0,0,3391,42,2,0,0,0,0,0,0,1,0,0,0,0
86857,0,0,96,899,102,838,133,102,40,1,5,6,10,2,0,0,0,0,0,0,1,4036,51,0,0,0,0,1,0,0,0,1,0,0,0
82072,0,0,67,889,55,685,168,92,129,1,3,2,13,1,0,0,0,0,0,0,0,3743,53,0,0,0,0,1,0,0,0,0,1,0,0
46231,2,1,87,189,2,55,0,5,12,4,6,1,4,9,0,0,0,0,0,0,0,3961,70,3,0,0,0,1,0,0,0,1,0,0,0
42243,1,1,34,48,0,2,0,0,5,2,2,0,3,7,0,0,0,0,0,0,0,3581,64,2,0,1,0,0,0,0,1,0,0,0,0
51195,1,1,46,230,14,156,82,24,58,8,9,2,5,8,0,0,0,0,0,0,0,3835,61,2,0,1,0,0,0,0,0,0,1,0,0
68092,0,0,7,852,60,207,78,36,48,2,2,6,10,5,0,0,0,0,0,0,0,3576,45,0,0,0,1,0,0,0,0,1,0,0,0
31814,1,0,73,35,3,20,4,1,20,2,2,0,3,9,1,0,0,0,0,0,0,3886,50,1,0,1,0,0,0,0,1,0,0,0,0
51390,1,1,54,205,20,47,23,2,56,6,5,2,5,5,0,0,0,0,0,0,0,4040,58,2,0,0,1,0,0,0,0,0,0,1,0
76630,0,0,93,255,31,446,40,56,175,1,3,10,11,1,0,0,0,0,0,0,0,3547,40,0,0,1,0,0,0,0,1,0,0,0,0
26868,1,0,52,0,0,1,8,3,2,1,1,0,2,7,0,0,0,0,0,0,0,3441,32,1,1,0,0,0,0,0,0,1,0,0,0
48948,0,0,53,437,8,206,160,49,42,2,7,10,5,6,1,0,0,0,0,0,1,3894,80,0,0,0,0,1,0,1,0,0,0,0,0
55260,0,1,81,825,8,53,11,0,242,2,8,10,5,6,0,0,0,0,0,0,0,3945,51,1,0,0,0,1,0,0,0,1,0,0,0
64090,0,1,8,316,58,161,76,51,135,1,6,9,4,5,0,0,0,0,0,0,1,3707,67,1,0,1,0,0,0,0,0,0,1,0,0
78331,0,1,97,756,138,354,160,169,61,2,10,6,7,4,0,0,0,0,0,0,0,3538,65,1,0,1,0,0,0,1,0,0,0,0,0
37087,1,0,50,194,55,134,15,0,3,3,4,2,8,6,0,0,0,0,0,0,0,3703,49,1,0,0,0,1,0,0,1,0,0,0,0
21846,1,0,38,7,17,18,6,10,26,4,4,0,3,8,0,0,0,0,0,0,0,3631,37,1,0,1,0,0,0,1,0,0,0,0,0
81320,0,0,61,183,33,493,59,103,57,1,4,3,10,2,0,0,0,0,0,0,0,3889,65,0,0,1,0,0,0,0,1,0,0,0,0
54137,0,1,46,171,0,11,0,1,20,2,4,1,4,6,0,0,0,0,0,0,0,3698,53,1,0,1,0,0,0,1,0,0,0,0,0
66825,0,0,73,243,101,405,29,40,40,1,4,5,6,2,0,0,0,0,0,0,0,3731,56,0,0,1,0,0,0,0,0,0,1,0,0
57100,0,0,19,181,21,69,39,3,96,1,3,3,6,3,0,0,0,0,0,0,0,3588,50,0,0,1,0,0,0,0,0,0,1,0,0
58917,1,2,10,151,7,89,0,7,28,5,4,1,6,5,0,0,0,0,0,0,0,3843,54,3,0,1,0,0,0,0,0,0,1,0,0
85072,0,0,94,494,92,391,194,11,241,1,3,4,10,0,0,0,0,0,0,0,0,3462,46,0,0,1,0,0,0,0,0,1,0,0,0
86429,0,0,10,464,28,873,29,18,37,0,7,4,7,2,0,0,0,1,0,0,1,3601,62,0,0,1,0,0,0,0,0,1,0,0,0
45684,1,0,37,5,1,5,10,0,7,1,1,0,2,7,0,0,0,0,0,0,0,3590,52,1,0,1,0,0,0,0,0,0,0,1,0
47889,1,0,94,29,0,29,0,5,4,1,2,0,3,5,0,0,0,0,0,0,0,3557,49,1,0,1,0,0,0,0,0,0,1,0,0
45921,0,0,23,102,9,49,24,3,12,1,2,1,6,4,0,0,0,0,0,0,0,3492,37,0,0,0,0,1,0,0,1,0,0,0,0
78420,0,0,75,604,28,674,91,28,28,1,3,10,8,1,0,0,0,0,0,0,0,3746,57,0,0,0,0,1,0,0,0,1,0,0,0
75114,0,0,40,571,12,523,63,60,24,1,3,10,5,2,0,0,0,0,0,0,0,3615,31,0,0,1,0,0,0,0,0,0,1,0,0
52278,0,1,24,953,0,71,0,0,174,6,10,5,10,8,0,0,0,0,0,0,1,3901,60,1,0,0,0,1,0,0,0,0,0,1,0
35641,1,0,11,63,3,67,8,9,28,2,3,1,4,7,0,0,0,0,0,0,1,3731,51,1,0,0,1,0,0,0,1,0,0,0,0
95529,0,0,29,770,29,890,250,27,24,1,7,3,7,3,0,0,1,0,0,0,1,3954,29,0,0,1,0,0,0,0,0,1,0,0,0
62820,0,0,51,398,61,265,138,61,53,1,3,4,6,1,0,0,0,0,0,0,0,3795,69,0,0,1,0,0,0,0,1,0,0,0,0
73113,0,0,86,741,19,154,50,9,28,1,3,4,7,2,0,0,0,0,0,0,0,3566,63,0,0,0,1,0,0,0,0,0,1,0,0
84169,0,0,9,1478,19,403,0,19,0,1,7,6,6,3,0,1,1,0,0,0,1,3707,41,0,0,0,0,1,0,0,1,0,0,0,0
42607,0,1,30,156,29,56,30,32,47,2,3,2,7,3,0,0,0,0,0,0,0,3605,69,1,0,0,0,0,0,0,0,1,0,0,0
74637,0,0,73,960,64,464,146,0,16,1,6,9,9,3,0,0,0,1,0,0,0,3788,69,0,0,0,0,1,0,0,0,1,0,0,0
46015,1,1,25,38,0,2,0,0,6,1,1,0,3,7,1,0,0,0,1,0,0,3458,68,2,0,0,0,1,0,0,0,0,1,0,0
72354,0,0,67,315,26,473,220,12,182,1,2,10,6,1,0,0,0,0,0,0,0,3819,30,0,0,1,0,0,0,0,0,1,0,0,0
39858,1,0,67,15,20,25,2,7,26,1,2,0,4,6,0,0,0,0,0,0,1,3902,54,1,0,0,1,0,0,0,0,1,0,0,0
34469,1,1,58,19,6,20,0,5,12,3,1,1,4,4,0,0,0,0,0,0,0,3437,75,2,0,0,0,1,0,0,1,0,0,0,0
83033,1,0,82,812,99,431,237,149,33,1,11,4,10,5,0,0,0,1,0,0,0,3423,37,1,0,1,0,0,0,0,0,0,1,0,0
24401,0,0,98,73,28,217,10,24,115,3,6,1,6,8,0,0,0,0,0,0,0,4048,44,0,0,0,1,0,0,0,0,0,1,0,0
77583,0,0,93,372,23,384,250,12,108,1,4,5,9,2,0,0,0,1,0,0,0,3520,45,0,0,1,0,0,0,0,1,0,0,0,0
74116,0,0,53,871,111,704,145,55,166,1,4,4,10,2,0,1,0,0,0,0,0,3562,41,0,0,0,0,0,0,0,0,1,0,0,0
74293,0,0,66,375,152,335,93,91,81,1,5,4,6,2,0,0,0,0,0,0,0,3437,30,0,0,1,0,0,0,0,0,1,0,0,0
68397,0,1,6,760,80,466,17,13,80,1,6,9,5,3,0,0,0,0,0,0,0,3605,47,1,0,0,0,1,0,0,1,0,0,0,0
79632,0,0,42,471,0,510,99,21,12,1,6,4,9,2,0,0,0,0,0,0,0,3463,49,0,0,0,0,1,0,0,0,0,1,0,0
46107,1,0,78,31,9,27,16,9,33,1,1,1,4,3,0,0,0,0,0,0,0,3520,34,1,0,1,0,0,0,0,0,1,0,0,0
64950,0,1,29,819,0,72,12,0,63,2,11,2,10,7,0,1,0,0,0,0,0,4067,72,1,0,0,0,1,0,0,0,1,0,0,0
25443,1,0,82,1,4,3,8,9,7,1,1,0,3,8,0,0,0,0,0,0,0,3935,34,1,1,0,0,0,0,0,1,0,0,0,0
75127,0,0,92,203,35,305,46,17,227,1,2,11,5,1,0,0,0,0,0,0,0,3419,71,0,0,1,0,0,0,0,0,1,0,0,0
32892,1,0,78,26,0,15,2,1,2,2,3,0,3,8,0,0,0,0,0,0,0,3416,52,1,0,0,0,1,0,0,0,0,1,0,0
71796,0,0,54,354,21,311,167,75,32,1,9,3,4,4,0,0,0,0,0,0,0,3629,52,0,0,1,0,0,0,0,0,0,1,0,0
67536,0,1,45,1253,0,447,23,71,35,3,11,5,11,8,0,0,0,1,0,0,0,3784,53,1,0,0,0,1,0,0,1,0,0,0,0
55239,0,1,59,371,17,238,23,24,106,3,7,5,11,5,0,0,0,0,0,0,0,3731,52,1,0,1,0,0,0,0,0,1,0,0,0
60554,1,0,8,588,7,76,110,15,15,2,8,4,9,6,0,0,0,0,0,0,0,3705,48,1,0,0,0,1,0,1,0,0,0,0,0
64831,1,1,51,480,86,249,75,86,144,8,6,3,5,6,0,0,0,0,0,0,0,3765,71,2,0,0,0,0,0,0,0,1,0,0,0
56067,0,1,51,517,12,54,16,6,120,2,7,4,7,5,0,0,0,0,0,0,0,3725,61,1,0,0,0,1,0,0,0,0,1,0,0
82025,0,0,76,267,98,606,48,70,98,1,3,2,6,1,0,0,1,0,0,0,1,3778,40,0,0,1,0,0,0,1,0,0,0,0,0
94384,0,0,62,1111,24,790,160,45,172,0,5,8,5,2,0,1,1,1,0,0,1,3863,70,0,0,1,0,0,0,0,0,0,1,0,0
14906,0,0,86,7,7,14,7,16,15,3,2,1,3,7,0,0,0,0,0,0,0,3935,37,0,1,0,0,0,0,0,0,1,0,0,0
51563,0,0,60,1166,0,48,0,0,36,1,4,4,10,8,0,1,1,0,0,0,0,4017,36,0,0,0,0,1,0,0,1,0,0,0,0
57937,0,1,56,261,42,144,55,48,133,3,4,4,9,3,0,0,0,0,0,0,0,3514,41,1,0,0,0,0,0,0,1,0,0,0,0
68274,1,1,83,135,25,51,23,25,46,2,4,2,5,3,0,0,0,0,0,0,0,3653,44,2,0,1,0,0,0,1,0,0,0,0,0
39771,1,0,92,6,2,18,2,8,14,1,2,0,3,4,0,0,0,0,0,0,0,3586,46,1,0,1,0,0,0,0,0,0,1,0,0
67893,0,1,31,711,28,142,49,18,47,2,3,2,9,8,0,0,0,0,0,0,0,4017,48,1,0,0,0,0,0,1,0,0,0,0,0
27922,1,0,80,11,0,13,2,4,11,1,2,0,3,4,0,0,0,0,0,0,0,3431,44,1,0,0,0,1,0,0,0,0,1,0,0
52190,1,1,39,42,0,17,0,0,18,3,2,1,3,5,1,0,0,0,0,0,0,3433,47,2,0,0,0,1,0,0,0,0,1,0,0
44051,1,1,20,79,7,58,6,3,18,4,3,1,4,6,0,0,0,0,0,0,1,3897,50,2,0,0,1,0,0,1,0,0,0,0,0
42767,2,0,53,20,6,43,19,5,38,1,3,1,2,8,0,0,0,0,0,0,0,3795,52,2,0,0,0,1,0,0,0,1,0,0,0
46106,1,1,84,30,0,8,2,0,14,1,1,1,2,6,0,0,0,0,0,0,0,3430,47,2,0,0,1,0,0,0,0,0,1,0,0
16927,1,1,50,20,2,23,3,1,4,5,3,0,4,8,0,0,0,0,0,0,0,3885,47,2,0,0,0,1,0,0,1,0,0,0,0
59754,0,1,96,115,27,44,4,146,139,3,5,2,6,5,0,0,0,0,0,0,1,3956,58,1,0,1,0,0,0,0,1,0,0,0,0
53700,0,1,94,263,5,233,69,41,83,4,5,5,8,5,0,0,0,0,0,0,0,4062,71,1,0,1,0,0,0,0,0,1,0,0,0
59041,1,1,25,69,2,15,2,2,6,2,2,0,4,5,0,0,0,0,0,0,0,3434,50,2,0,1,0,0,0,0,1,0,0,0,0
54237,0,1,48,267,3,30,4,0,57,4,5,2,5,6,0,0,0,0,0,0,0,3809,66,1,0,0,0,1,0,1,0,0,0,0,0
70647,0,1,65,561,85,171,25,123,114,2,4,7,13,2,0,0,0,0,0,0,0,4027,56,1,0,1,0,0,0,1,0,0,0,0,0
52597,0,1,69,492,0,37,7,0,42,3,6,3,8,5,0,0,0,0,0,0,0,3434,61,1,0,0,0,1,0,0,0,1,0,0,0
41021,1,0,12,14,7,9,6,16,12,2,2,0,3,6,0,0,0,0,0,0,1,3927,54,1,0,0,1,0,0,0,0,0,1,0,0
40233,0,1,84,80,4,46,0,17,2,5,2,1,5,6,0,0,0,0,0,0,0,3639,48,1,0,0,0,1,0,0,1,0,0,0,0
50183,1,1,47,97,12,84,13,10,15,7,3,1,6,5,0,0,0,0,0,0,0,3385,43,2,0,1,0,0,0,0,1,0,0,0,0
54753,0,1,87,197,107,227,7,59,131,3,5,2,11,4,0,0,0,0,0,0,0,3671,64,1,0,1,0,0,0,0,0,0,1,0,0
92955,0,0,35,693,21,925,31,24,84,1,6,7,9,2,0,0,1,1,0,0,1,3695,50,0,0,1,0,0,0,0,1,0,0,0,0
33471,1,0,47,43,2,27,0,9,12,3,3,0,4,7,0,0,0,0,0,0,0,4006,50,1,0,1,0,0,0,0,1,0,0,0,0
34596,1,0,48,14,0,2,0,0,7,1,1,0,2,8,0,0,0,0,0,0,1,3823,49,1,0,0,0,1,0,0,1,0,0,0,0
44010,1,0,46,186,36,234,86,72,48,6,10,2,6,9,0,0,0,0,0,0,0,4005,43,1,0,1,0,0,0,0,0,0,1,0,0
84219,0,0,27,434,137,400,45,137,45,1,3,4,10,1,0,0,0,0,0,0,0,3528,35,0,0,1,0,0,0,0,1,0,0,0,0
40706,2,1,37,59,0,11,4,2,5,4,3,0,4,7,0,0,0,0,0,0,0,3909,55,3,0,0,0,1,0,0,0,0,1,0,0
15716,1,0,8,16,5,30,8,7,26,3,3,0,4,8,0,0,0,0,0,1,0,3975,35,1,0,0,0,0,0,0,1,0,0,0,0
59052,0,1,29,230,35,75,63,57,31,3,7,1,7,5,0,0,0,0,0,0,0,3605,64,1,0,0,0,0,0,1,0,0,0,0,0
80573,0,0,85,829,138,430,60,92,15,1,4,6,13,2,0,0,0,0,0,0,0,4004,52,0,0,0,1,0,0,0,0,0,1,0,0
83715,0,0,2,318,8,407,150,35,8,1,2,8,13,0,0,0,0,0,0,0,0,3527,61,0,0,1,0,0,0,0,1,0,0,0,0
82576,0,0,66,1206,55,445,168,18,18,1,2,4,12,1,0,0,1,0,0,0,0,4078,64,0,0,0,1,0,0,0,0,0,1,0,0
56962,2,1,60,292,3,77,10,3,26,7,6,3,5,7,0,0,0,0,0,0,0,3642,58,3,0,0,1,0,0,0,1,0,0,0,0
35704,1,1,54,30,9,12,2,11,30,3,2,0,4,4,0,0,0,0,0,0,0,3558,71,2,0,1,0,0,0,0,1,0,0,0,0
53103,0,1,70,729,17,133,11,0,195,5,10,6,7,7,1,0,0,0,0,0,0,3671,69,1,0,1,0,0,0,0,0,0,1,0,0
46779,1,1,55,12,1,3,0,0,7,1,0,1,2,4,0,0,0,0,0,0,0,3733,63,2,0,0,0,0,0,0,0,0,0,1,0
4861,0,0,20,2,1,1,1,0,1,0,0,0,0,14,0,0,0,0,0,0,0,3388,58,0,0,1,0,0,0,1,0,0,0,0,0
33462,1,0,78,22,3,18,0,0,11,1,2,0,3,7,0,0,0,0,0,0,0,3707,44,1,0,0,1,0,0,1,0,0,0,0,0
63693,0,1,63,587,43,337,42,87,54,3,11,6,9,6,0,0,0,0,0,0,0,3639,45,1,0,1,0,0,0,1,0,0,0,0,0
80763,0,0,17,674,168,108,192,42,231,1,5,11,6,3,0,0,1,1,0,0,1,3699,73,0,0,1,0,0,0,0,1,0,0,0,0
65352,0,1,43,284,3,84,4,7,23,2,4,2,8,4,0,0,0,0,0,0,0,3693,49,1,0,0,0,1,0,0,1,0,0,0,0
82170,0,0,13,1023,93,651,49,55,37,1,5,6,7,2,0,0,0,0,0,0,0,3597,45,0,0,0,0,1,0,0,1,0,0,0,0
75759,0,0,46,1394,22,708,89,91,182,1,9,7,9,5,1,0,1,1,0,0,1,3628,54,0,0,1,0,0,0,0,1,0,0,0,0
79689,0,0,65,311,26,640,180,37,121,1,4,9,13,2,0,0,0,0,0,0,0,3794,47,0,0,0,0,0,0,0,0,1,0,0,0
35340,1,1,1,27,0,12,0,1,5,2,2,0,3,5,0,0,0,0,0,0,0,3381,67,2,0,0,0,1,0,0,0,0,0,1,0
85683,0,0,6,1296,17,311,45,69,51,1,2,4,10,1,0,1,1,1,1,0,1,3481,69,0,0,1,0,0,0,1,0,0,0,0,0
24884,1,0,32,3,6,7,0,0,3,1,0,0,3,7,0,0,0,0,0,0,0,3958,51,1,0,0,0,0,0,0,1,0,0,0,0
42021,1,0,34,393,5,136,7,5,27,5,10,1,6,9,1,0,0,0,0,0,0,4048,42,1,0,0,1,0,0,0,0,0,1,0,0
64449,1,0,70,218,63,282,137,35,70,4,5,3,12,4,0,0,0,0,0,0,0,3512,34,1,0,1,0,0,0,0,0,1,0,0,0
64587,1,1,49,66,0,16,0,6,20,2,1,1,4,3,0,0,0,0,0,0,0,3388,69,2,0,1,0,0,0,1,0,0,0,0,0
34824,0,0,65,4,2,11,2,0,4,1,1,0,2,6,0,0,0,0,0,0,0,3476,28,0,0,1,0,0,0,0,0,1,0,0,0
75437,0,0,25,795,0,545,95,58,0,1,8,4,10,6,0,0,0,1,0,0,0,3613,45,0,0,1,0,0,0,0,0,0,1,0,0
26091,1,1,84,15,10,19,8,17,20,3,2,1,3,5,0,0,0,0,0,0,0,3505,66,2,0,1,0,0,0,0,0,0,1,0,0
52845,1,0,7,384,25,292,130,41,64,3,8,8,6,6,1,0,0,0,0,0,0,3701,50,1,0,1,0,0,0,0,1,0,0,0,0
46086,0,1,34,244,8,32,7,2,50,4,3,1,8,4,0,0,0,0,0,0,0,3619,67,1,0,1,0,0,0,1,0,0,0,0,0
78028,0,1,38,158,19,288,25,0,38,1,6,4,9,7,0,1,1,0,0,0,1,4038,67,1,0,0,0,1,0,0,0,0,0,1,0
95169,0,0,1,1285,21,449,106,20,20,1,4,3,4,1,0,0,1,1,0,0,1,3644,36,0,0,0,0,1,0,0,0,1,0,0,0
56337,1,1,25,349,16,144,28,5,182,5,8,5,4,8,1,0,0,1,0,0,1,3840,42,2,0,0,0,0,0,0,1,0,0,0,0
22434,1,0,25,4,12,11,3,13,15,2,2,0,3,8,0,0,0,0,0,0,0,3882,36,1,0,1,0,0,0,0,0,0,1,0,0
36930,0,1,50,223,2,31,0,2,39,5,5,2,4,8,0,0,0,0,0,0,0,3789,69,1,0,0,0,1,0,0,1,0,0,0,0
36130,0,1,46,157,43,127,68,56,37,6,3,8,4,4,1,0,0,0,0,0,1,3893,69,1,0,1,0,0,0,0,0,1,0,0,0
65569,0,1,96,397,46,288,20,38,70,2,6,5,10,3,0,0,0,0,0,0,0,3982,70,1,0,0,1,0,0,0,1,0,0,0,0
83844,0,0,57,901,31,345,75,31,191,1,4,4,11,1,0,0,1,0,0,0,0,3794,71,0,0,1,0,0,0,0,0,0,1,0,0
19514,1,1,47,14,3,21,2,1,28,4,3,1,2,8,1,0,0,0,0,0,0,3535,55,2,0,1,0,0,0,0,1,0,0,0,0
36736,1,1,52,10,0,3,0,0,4,1,1,0,2,6,0,0,0,0,0,0,0,3796,60,2,0,0,0,1,0,0,0,1,0,0,0
77568,0,1,30,1230,0,396,232,178,158,1,10,2,8,5,0,1,1,1,0,0,0,4054,44,1,0,1,0,0,0,0,0,0,1,0,0
49187,0,1,63,81,1,31,2,1,0,1,1,1,5,2,0,0,0,0,0,0,0,3550,47,1,0,0,0,1,0,0,0,0,1,0,0
30168,1,0,51,154,20,66,0,12,27,7,6,1,4,9,0,0,0,0,0,0,0,3860,45,1,0,1,0,0,0,0,0,1,0,0,0
34053,0,1,14,63,0,21,7,0,12,1,3,0,3,8,0,0,0,0,0,0,0,4038,55,1,0,0,1,0,0,0,0,0,1,0,0
38196,1,1,20,30,0,11,0,0,3,3,2,0,4,5,0,0,0,0,0,0,0,3453,52,2,0,0,1,0,0,0,1,0,0,0,0
59412,0,0,56,90,67,165,30,43,11,1,4,2,8,3,0,0,0,0,0,0,0,3452,72,0,0,0,1,0,0,0,1,0,0,0,0
70924,0,0,41,635,114,254,132,152,76,1,6,6,7,3,0,0,1,0,0,0,0,3464,58,0,0,0,0,0,0,0,1,0,0,0,0
54165,0,0,72,127,4,73,15,6,11,1,2,1,7,2,0,0,0,0,0,0,0,3778,54,0,0,1,0,0,0,0,0,0,1,0,0
32300,1,0,1,13,3,6,6,5,6,1,1,0,3,8,0,0,0,0,0,0,0,3923,50,1,0,1,0,0,0,0,1,0,0,0,0
20180,0,0,27,18,42,24,15,20,18,1,2,1,4,7,0,0,0,0,0,0,0,3875,47,0,0,1,0,0,0,0,0,1,0,0,0
34961,1,0,77,45,2,26,4,1,1,3,3,1,3,7,0,0,0,0,0,0,0,3391,50,1,0,1,0,0,0,0,1,0,0,0,0
28440,1,0,87,38,1,24,0,0,0,1,2,0,3,8,0,0,0,0,0,0,0,3738,49,1,0,0,0,1,0,0,0,0,1,0,0
64504,1,2,81,986,36,168,16,0,108,7,11,3,4,7,0,0,0,0,0,0,1,3863,70,3,0,0,0,1,0,0,0,0,1,0,0
33564,0,1,51,61,0,3,0,0,7,1,1,1,3,5,0,0,0,0,0,0,0,3386,57,1,0,0,1,0,0,0,0,0,1,0,0
17345,1,0,79,4,9,16,17,0,12,2,2,1,2,8,0,0,0,0,0,0,0,3984,45,1,0,1,0,0,0,0,1,0,0,0,0
56320,0,1,11,201,53,172,116,77,83,3,5,4,9,4,0,0,0,0,0,0,0,3828,56,1,0,0,0,1,0,0,1,0,0,0,0
28647,1,0,54,19,8,29,0,12,26,1,2,2,2,7,1,0,0,0,0,0,1,3693,45,1,0,1,0,0,0,0,0,1,0,0,0
15038,1,0,93,4,8,11,19,12,26,2,2,1,2,9,0,0,0,0,0,0,0,3897,36,1,1,0,0,0,0,0,0,1,0,0,0
32173,0,1,0,18,0,2,0,0,2,1,1,0,3,4,0,0,0,0,0,0,0,3713,65,1,0,0,0,1,0,1,0,0,0,0,0
68316,0,1,54,806,80,161,120,11,33,5,10,7,10,6,0,0,0,0,0,0,0,3983,59,1,0,0,0,0,0,0,0,0,1,0,0
74538,0,0,21,380,98,733,110,112,28,1,8,8,5,3,0,0,1,0,0,0,1,3746,52,0,0,1,0,0,0,0,0,0,1,0,0
91700,0,0,58,576,172,961,125,115,19,1,8,6,5,3,0,0,0,0,0,0,1,3909,52,0,0,1,0,0,0,0,0,1,0,0,0
68695,0,0,3,458,81,356,106,50,40,1,4,4,7,2,0,0,0,0,0,0,0,3385,54,0,0,1,0,0,0,0,0,0,1,0,0
31056,1,0,99,5,10,13,3,8,16,1,1,0,3,8,0,0,0,0,0,0,0,3904,46,1,0,0,0,0,0,0,1,0,0,0,0
79593,0,0,70,350,60,568,110,133,145,1,5,6,7,2,0,0,1,0,0,0,0,3429,50,0,0,1,0,0,0,0,1,0,0,0,0
28071,0,0,65,39,33,130,41,26,44,2,5,1,5,8,0,0,0,0,0,0,0,4050,43,0,0,1,0,0,0,0,0,1,0,0,0
37334,1,1,44,26,1,16,2,2,15,4,3,0,4,4,0,0,0,0,0,0,0,3504,65,2,0,0,0,1,0,0,0,0,1,0,0
46423,1,1,6,68,0,16,0,0,8,3,2,0,4,7,0,0,0,0,0,0,0,3665,51,2,0,0,1,0,0,0,0,1,0,0,0
37126,1,0,9,45,3,9,4,4,7,1,1,2,2,6,1,0,0,0,0,0,1,3472,52,1,0,0,0,1,0,0,1,0,0,0,0
47703,0,1,95,359,0,134,13,26,123,4,6,3,8,5,0,0,0,0,0,0,0,3777,70,1,0,1,0,0,0,0,1,0,0,0,0
61180,0,1,70,403,24,29,6,24,218,2,5,5,6,3,1,0,0,0,0,0,0,3448,64,1,0,1,0,0,0,0,1,0,0,0,0
38998,1,1,92,34,1,14,0,0,5,3,2,0,3,8,0,0,0,0,0,1,0,3984,69,2,0,1,0,0,0,0,1,0,0,0,0
8028,0,0,62,73,18,66,7,12,2,15,0,1,0,19,0,0,0,0,0,0,0,4030,32,0,0,1,0,0,0,0,0,1,0,0,0
76081,0,0,85,292,30,415,63,33,200,1,4,5,4,2,0,0,0,1,0,0,0,3418,61,0,0,1,0,0,0,0,0,0,1,0,0
34728,1,0,2,14,0,16,0,0,6,1,1,1,2,6,0,0,0,0,0,0,1,3715,37,1,0,1,0,0,0,0,0,0,1,0,0
33168,0,1,0,80,1,37,0,1,3,3,2,1,4,7,0,0,0,0,0,0,0,4005,58,1,0,0,1,0,0,0,0,1,0,0,0
33585,0,1,91,30,11,33,13,6,29,1,2,0,4,4,0,0,0,0,0,0,0,3658,57,1,0,0,1,0,0,0,1,0,0,0,0
77037,0,1,3,463,96,333,168,53,10,1,7,7,12,3,0,0,0,0,0,0,0,3640,63,1,0,0,0,1,0,0,1,0,0,0,0
35196,1,0,68,75,12,141,43,39,187,6,6,1,5,8,0,0,0,0,0,0,1,3974,39,1,0,1,0,0,0,0,0,0,1,0,0
44529,0,1,98,538,13,91,17,6,26,6,6,2,11,5,0,1,0,0,0,0,0,3740,57,1,0,1,0,0,0,0,1,0,0,0,0
70924,0,0,41,635,114,254,132,152,76,1,6,6,7,3,0,0,1,0,0,0,0,3464,58,0,0,0,0,0,0,0,1,0,0,0,0
28764,1,1,16,8,0,3,0,0,1,1,1,0,2,8,1,0,0,0,0,0,0,3405,57,2,0,0,0,1,0,0,0,0,1,0,0
69098,0,0,82,1315,22,780,145,0,178,1,7,8,9,5,0,0,0,0,0,0,0,3879,74,0,0,0,0,1,0,0,1,0,0,0,0
25959,1,1,1,4,2,12,7,5,26,2,1,2,2,6,0,0,0,0,0,0,1,3881,53,2,0,0,0,0,0,1,0,0,0,0,0
27100,1,0,64,12,0,13,2,0,10,1,1,0,3,7,0,0,0,0,0,0,0,3831,40,1,0,0,1,0,0,0,1,0,0,0,0
70596,0,0,68,347,44,534,17,0,26,1,3,5,12,2,0,0,0,0,0,0,0,4013,38,0,0,1,0,0,0,0,0,1,0,0,0
42557,0,1,98,192,5,53,0,5,15,4,6,1,4,8,0,0,0,0,0,0,0,4050,49,1,0,1,0,0,0,0,1,0,0,0,0
53312,0,0,32,241,0,12,0,0,25,1,5,1,5,7,0,0,0,0,0,0,0,3705,72,0,0,0,0,1,0,0,1,0,0,0,0
72228,0,0,87,631,28,491,30,14,56,1,6,7,8,3,0,0,0,0,0,0,0,3960,71,0,0,1,0,0,0,0,0,1,0,0,0
67605,0,0,84,336,28,282,184,54,54,1,2,8,6,1,0,0,0,0,0,0,0,3836,36,0,0,1,0,0,0,0,0,0,1,0,0
62845,1,1,3,1099,0,45,0,0,34,11,3,4,10,8,0,1,0,0,0,0,0,4017,74,2,0,0,1,0,0,0,1,0,0,0,0
65196,0,2,34,743,19,181,12,0,200,2,7,6,11,5,1,0,0,0,0,0,0,3720,65,2,0,1,0,0,0,0,0,0,1,0,0
42000,0,0,23,124,83,267,85,59,35,2,5,2,11,5,0,0,0,0,0,0,1,3916,36,0,0,0,0,1,0,0,0,1,0,0,0
35860,1,1,37,15,0,8,4,2,20,2,1,1,2,5,1,0,0,0,0,0,0,3422,50,2,0,0,0,1,0,1,0,0,0,0,0
65526,0,1,22,397,19,69,12,0,9,1,4,4,8,2,0,0,0,0,0,0,0,3460,59,1,0,0,0,1,0,0,1,0,0,0,0
16860,1,1,19,10,4,4,3,3,14,3,1,1,3,7,0,0,0,0,0,0,0,4036,62,2,0,1,0,0,0,0,1,0,0,0,0
83528,0,0,7,530,117,678,134,44,147,1,4,10,8,1,1,0,0,1,0,0,1,3440,31,0,0,1,0,0,0,0,0,1,0,0,0
64176,0,1,52,1215,33,249,64,116,149,8,8,9,8,6,0,0,0,0,0,0,0,4076,58,1,0,0,0,0,0,1,0,0,0,0,0
22304,0,0,91,3,2,7,0,4,2,1,1,0,2,8,0,0,0,0,0,0,0,4075,67,0,0,1,0,0,0,1,0,0,0,0,0
67023,0,0,93,444,44,382,11,8,17,1,3,7,13,2,0,0,0,0,0,1,0,3498,45,0,0,1,0,0,0,0,1,0,0,0,0
32892,1,0,78,26,0,15,2,1,2,2,3,0,3,8,0,0,0,0,0,0,0,3416,52,1,0,0,0,1,0,0,0,0,1,0,0
70713,0,1,23,736,114,279,82,76,190,6,5,6,8,3,0,0,0,0,0,0,0,3954,57,1,0,1,0,0,0,0,0,0,1,0,0
59925,0,1,83,473,21,176,19,21,56,3,9,2,9,6,0,0,0,0,0,0,0,3957,68,1,0,1,0,0,0,0,0,0,1,0,0
39722,0,1,92,32,0,5,2,0,8,2,2,0,3,5,0,0,0,0,0,0,0,3506,70,1,0,1,0,0,0,0,1,0,0,0,0
46610,0,0,4,288,10,30,4,10,125,1,6,1,6,6,0,0,0,0,0,0,0,3727,65,0,0,1,0,0,0,0,0,0,1,0,0
88347,0,0,32,1050,178,555,77,138,118,1,4,7,9,1,0,0,0,1,0,0,0,3742,62,0,0,1,0,0,0,0,0,0,1,0,0
87171,0,0,27,1001,44,107,58,44,44,1,6,7,11,2,1,0,1,0,0,0,0,3805,42,0,0,0,0,1,0,0,1,0,0,0,0
26907,1,1,10,9,1,7,0,3,2,2,1,0,3,7,0,0,0,0,0,0,0,3694,47,2,0,0,0,0,0,0,0,0,1,0,0
50014,1,0,9,234,14,77,19,10,42,2,4,1,8,5,0,0,0,0,0,0,0,3539,55,1,0,0,1,0,0,0,0,1,0,0,0
41014,1,0,65,7,2,6,2,0,3,1,1,0,2,7,0,0,0,0,0,0,0,3814,45,1,0,0,0,1,0,0,1,0,0,0,0
66294,0,0,68,251,108,334,65,92,117,1,4,3,5,2,0,0,0,0,0,0,0,3485,58,0,0,1,0,0,0,0,0,1,0,0,0
36715,1,0,16,172,10,125,21,13,16,6,7,2,4,9,0,0,0,0,0,0,1,3970,52,1,0,1,0,0,0,0,1,0,0,0,0
79456,0,0,12,565,42,548,64,83,99,1,5,6,4,3,0,0,0,0,0,0,1,4057,67,0,0,1,0,0,0,0,1,0,0,0,0
40479,1,0,95,5,0,8,2,0,0,1,0,0,3,4,0,0,0,0,0,0,0,3697,41,1,0,1,0,0,0,0,0,0,1,0,0
75345,0,0,16,918,57,842,99,38,133,1,5,8,6,3,0,0,0,1,0,0,1,3893,53,0,0,0,1,0,0,0,0,1,0,0,0
54233,0,1,46,652,8,158,21,0,142,4,11,6,5,8,0,0,0,0,0,0,0,3891,46,1,0,1,0,0,0,0,1,0,0,0,0
24163,1,1,3,4,1,7,2,1,2,2,1,0,3,4,0,0,0,0,0,0,0,3641,53,2,0,1,0,0,0,0,0,1,0,0,0
84460,0,0,80,152,27,103,106,54,81,0,9,9,4,5,0,1,1,1,1,0,1,3922,65,0,0,0,0,1,0,0,0,0,1,0,0
43776,1,0,77,8,0,9,2,1,3,1,1,0,2,6,0,0,0,0,0,0,0,3438,40,1,0,1,0,0,0,0,0,0,1,0,0
71691,0,0,0,336,130,411,240,32,43,1,4,7,5,2,0,0,0,0,0,0,1,3485,65,0,0,0,0,1,0,0,0,1,0,0,0
85844,0,0,62,938,19,843,25,95,38,1,6,6,7,2,0,0,1,0,0,0,0,3412,50,0,0,0,0,1,0,0,1,0,0,0,0
39190,1,0,91,68,8,18,19,8,12,2,2,1,4,5,0,0,0,0,0,0,0,3445,49,1,0,0,0,1,0,0,0,1,0,0,0
71367,0,0,24,227,23,389,42,21,75,1,4,5,7,2,0,0,0,0,0,0,0,3691,64,0,0,1,0,0,0,0,0,0,1,0,0
38578,1,1,2,38,4,22,3,3,3,3,3,0,3,8,0,0,0,0,0,0,0,3753,51,2,0,0,0,1,0,0,0,1,0,0,0
57236,1,1,22,105,0,9,2,1,4,3,2,1,4,3,0,0,0,0,0,0,0,3490,58,2,0,0,0,1,0,0,1,0,0,0,0
61825,0,1,56,162,50,100,55,30,27,1,4,2,8,4,0,0,0,0,0,0,0,3707,44,1,0,1,0,0,0,0,0,1,0,0,0
79803,0,1,54,574,8,216,21,16,33,1,4,3,5,1,0,0,0,0,0,0,0,3408,65,1,0,1,0,0,0,1,0,0,0,0,0
80910,0,0,71,160,80,369,67,39,41,1,3,3,8,1,0,0,0,0,0,0,0,3987,37,0,0,0,0,0,0,0,0,1,0,0,0
27590,1,0,38,6,0,5,0,0,1,1,1,0,2,7,0,0,0,0,0,0,0,3813,41,1,0,0,1,0,0,0,0,0,1,0,0
56775,0,1,62,614,35,160,58,35,35,2,5,8,10,5,0,0,0,0,0,0,0,3924,44,1,0,1,0,0,0,0,1,0,0,0,0
83829,0,0,78,897,161,430,186,161,27,0,4,7,6,1,1,0,1,1,0,0,1,3645,48,0,0,1,0,0,0,1,0,0,0,0,0
54210,0,1,18,70,54,109,80,9,45,2,4,1,7,5,0,0,0,0,0,0,0,3786,44,1,0,0,0,0,0,0,1,0,0,0,0
38508,1,0,95,120,19,206,25,19,54,6,7,2,5,8,0,0,0,0,0,0,0,3712,37,1,0,1,0,0,0,0,1,0,0,0,0
53187,1,0,66,211,2,30,7,7,10,2,4,1,6,5,0,0,0,0,0,0,0,3627,53,1,0,1,0,0,0,0,0,0,1,0,0
30023,1,0,28,11,0,16,7,6,21,1,2,0,3,8,0,0,0,0,0,0,0,3478,51,1,0,1,0,0,0,0,1,0,0,0,0
76045,0,0,78,760,53,400,17,93,0,1,4,5,11,2,0,0,0,1,0,0,0,3607,63,0,0,0,0,1,0,0,0,1,0,0,0
50870,0,1,13,53,0,8,0,0,2,1,2,0,3,5,0,0,0,0,0,0,0,3391,71,1,0,0,0,1,0,0,1,0,0,0,0
15315,0,0,27,7,4,13,15,8,17,2,2,0,4,5,0,0,0,0,0,0,0,3711,53,0,0,0,0,0,0,0,1,0,0,0,0
65463,1,0,17,391,32,70,21,32,16,2,6,2,9,5,0,1,0,0,0,0,0,3531,49,1,0,0,0,0,0,0,1,0,0,0,0
66480,1,1,71,199,9,57,20,21,6,7,4,1,7,4,0,0,0,0,0,0,0,3410,58,2,0,1,0,0,0,0,1,0,0,0,0
76773,0,0,79,516,56,449,86,33,16,1,2,2,11,1,0,0,0,0,0,0,0,3870,69,0,0,1,0,0,0,1,0,0,0,0,0
81698,0,0,1,709,45,115,30,160,45,1,8,2,5,5,0,0,0,1,0,0,1,3866,40,0,0,0,0,0,0,0,0,1,0,0,0
54466,1,1,78,12,0,4,0,0,0,1,1,0,2,5,0,0,0,0,0,0,0,3521,50,2,0,0,0,1,0,0,0,1,0,0,0
98777,0,0,23,1000,19,711,125,115,38,0,4,6,9,1,0,1,0,0,0,0,0,3513,63,0,0,0,1,0,0,0,0,1,0,0,0
16269,1,0,75,19,3,18,3,1,0,3,3,0,3,8,0,0,0,0,0,0,0,3684,39,1,0,0,0,1,0,0,0,1,0,0,0
71819,0,1,70,1224,28,140,0,14,168,3,3,3,5,6,0,1,1,0,0,0,0,3686,52,1,0,1,0,0,0,0,0,0,1,0,0
33569,1,0,10,16,2,18,3,0,24,1,1,1,2,8,1,0,0,0,0,0,1,3637,40,1,0,0,0,1,0,0,1,0,0,0,0
36262,0,0,24,88,39,54,64,28,153,1,3,5,3,6,1,0,0,0,0,0,1,3663,40,0,0,0,1,0,0,0,1,0,0,0,0
22634,0,0,47,2,23,11,8,6,46,1,2,1,2,8,0,0,0,0,0,0,0,3910,57,0,1,0,0,0,0,0,0,0,1,0,0
47025,0,1,98,508,11,59,23,5,29,5,11,1,6,9,0,0,0,0,0,0,0,3671,45,1,0,0,0,0,0,0,1,0,0,0,0
70566,0,1,4,381,28,215,84,28,21,2,6,5,9,3,0,0,0,0,0,0,0,3647,55,1,0,1,0,0,0,0,0,1,0,0,0
31605,1,0,15,74,0,42,2,1,6,2,2,1,4,7,0,0,0,0,0,0,0,3965,44,1,0,0,0,1,0,0,1,0,0,0,0
52034,1,1,67,146,0,93,7,13,73,5,4,2,5,7,0,0,0,0,0,0,0,3789,50,2,0,0,1,0,0,1,0,0,0,0,0
48526,1,0,32,23,17,23,43,20,9,1,2,1,4,3,0,0,0,0,0,0,0,3568,44,1,0,1,0,0,0,0,0,1,0,0,0
46734,0,1,40,110,5,137,26,23,29,2,6,1,5,7,0,0,0,0,0,0,0,3969,69,1,0,1,0,0,0,0,1,0,0,0,0
39552,1,1,54,165,3,147,4,24,41,7,6,2,5,8,0,0,0,0,0,0,1,3939,61,2,0,1,0,0,0,1,0,0,0,0,0
86358,1,1,78,957,47,494,82,47,95,4,5,3,6,8,0,0,0,0,0,0,0,4071,57,2,0,1,0,0,0,0,0,1,0,0,0
46931,2,1,94,41,0,17,3,1,16,2,1,1,3,3,0,0,0,0,0,0,0,3447,46,3,0,1,0,0,0,0,0,0,1,0,0
16581,0,0,51,1,3,4,2,3,11,1,0,0,3,4,0,0,0,0,0,0,0,3914,38,0,1,0,0,0,0,0,0,1,0,0,0
63998,0,0,42,176,29,818,0,33,112,1,7,6,11,4,0,0,0,0,0,0,1,3572,71,0,0,0,0,0,0,1,0,0,0,0,0
67381,0,1,67,815,8,53,11,0,70,4,2,2,9,7,0,1,0,0,0,0,0,3911,72,1,0,0,1,0,0,0,1,0,0,0,0
25930,1,1,87,6,1,2,2,0,4,1,1,0,2,7,0,0,0,0,0,0,0,3643,56,2,0,1,0,0,0,0,0,1,0,0,0
42693,1,0,29,8,4,20,6,3,16,1,1,0,3,5,0,0,0,0,0,0,0,3403,45,1,0,1,0,0,0,0,1,0,0,0,0
85606,0,1,89,717,42,864,219,30,84,2,6,7,9,3,0,0,0,1,0,0,0,3975,47,1,0,1,0,0,0,0,0,0,1,0,0
72903,0,0,74,1067,138,750,0,19,39,1,7,5,8,4,0,1,1,1,0,0,1,3624,38,0,0,1,0,0,0,0,0,1,0,0,0
49669,1,0,97,166,5,107,11,8,29,2,5,1,6,6,0,0,0,0,0,0,0,3417,49,1,0,0,0,0,0,0,0,0,1,0,0
36778,1,1,63,29,4,34,2,4,4,3,3,0,3,9,0,0,0,0,0,0,0,4074,55,2,0,0,0,1,0,0,1,0,0,0,0
85696,0,0,88,714,76,395,116,0,12,1,4,6,9,1,0,0,0,0,0,0,1,3803,61,0,0,0,0,1,0,1,0,0,0,0,0
10979,0,0,34,8,4,10,2,2,4,2,3,0,3,5,0,0,0,0,0,0,0,3419,34,0,0,0,1,0,0,1,0,0,0,0,0
49678,0,1,81,229,5,56,3,2,20,2,6,2,4,7,0,0,0,0,0,0,0,3893,62,1,0,1,0,0,0,0,1,0,0,0,0
56129,0,1,65,320,48,133,39,72,48,4,6,2,10,4,0,0,0,0,0,0,0,3755,70,1,0,0,1,0,0,0,0,0,1,0,0
37155,1,0,51,23,0,26,7,15,3,1,2,0,4,5,0,0,0,0,0,0,0,3895,34,1,0,1,0,0,0,0,1,0,0,0,0
21282,1,0,76,1,5,8,4,8,20,2,2,1,2,6,0,0,0,0,0,0,0,3430,45,1,0,0,0,0,0,1,0,0,0,0,0
33419,0,1,76,56,0,12,0,0,18,2,2,0,4,7,0,0,0,0,0,0,0,3697,61,1,0,0,0,1,0,0,0,1,0,0,0
63285,0,0,84,508,124,249,50,38,134,1,6,5,13,3,0,0,0,0,0,0,0,3617,78,0,0,1,0,0,0,0,0,0,0,1,0
21255,1,0,56,29,0,25,2,2,3,4,2,1,4,4,0,0,0,0,0,0,0,3540,49,1,0,0,1,0,0,0,0,0,1,0,0
42162,1,0,31,46,7,59,2,4,27,2,3,1,3,6,1,0,0,0,0,0,1,3603,42,1,0,1,0,0,0,0,0,0,1,0,0
54450,1,1,0,454,0,171,8,19,32,12,9,2,8,8,0,0,0,0,0,0,0,4034,67,2,0,1,0,0,0,0,0,0,1,0,0
57744,0,1,91,350,3,39,0,0,19,2,9,1,4,8,0,0,0,0,0,0,0,3610,69,1,0,0,0,1,0,0,1,0,0,0,0
26576,1,0,40,10,0,8,0,0,9,1,1,0,2,9,1,0,0,0,0,0,1,4005,37,1,0,1,0,0,0,0,0,1,0,0,0
57513,0,0,59,735,40,183,52,20,30,2,9,3,13,6,0,0,0,0,0,0,0,3739,80,0,0,0,0,1,0,0,0,0,0,1,0
68142,0,1,96,897,126,196,91,112,37,3,10,4,7,6,0,0,0,0,0,0,0,4050,59,1,0,1,0,0,0,0,0,0,1,0,0
7500,0,1,61,5,2,3,3,0,5,1,1,0,2,8,0,0,0,0,0,0,0,4050,44,1,0,1,0,0,0,0,1,0,0,0,0
83145,0,0,14,777,35,731,39,137,114,1,5,9,11,2,0,0,1,0,0,0,1,4026,49,0,0,1,0,0,0,0,0,0,1,0,0
54197,0,1,16,162,6,37,6,13,13,2,1,3,6,1,0,0,0,0,0,0,0,3468,63,1,0,0,1,0,0,0,1,0,0,0,0
23091,1,1,98,35,0,11,0,0,2,4,2,1,3,7,0,0,0,0,0,0,0,3413,60,2,0,0,0,1,0,0,0,1,0,0,0
46049,1,1,11,342,9,112,19,14,19,10,5,2,9,7,0,0,0,0,0,0,1,3724,47,2,0,1,0,0,0,0,1,0,0,0,0
56715,0,0,52,258,105,239,237,172,9,1,7,3,4,4,0,0,0,0,0,0,0,3952,49,0,0,1,0,0,0,0,0,0,1,0,0
79410,0,0,19,658,80,483,123,13,13,1,3,2,5,1,0,0,0,0,0,0,0,3412,62,0,0,1,0,0,0,0,1,0,0,0,0
57304,0,1,61,356,80,329,138,17,106,2,7,6,10,5,0,0,0,0,0,0,0,3856,72,1,0,1,0,0,0,0,1,0,0,0,0
44375,0,1,73,213,5,28,7,7,41,1,4,1,6,5,0,0,0,0,0,0,0,3479,58,1,0,1,0,0,0,0,1,0,0,0,0
54450,1,1,0,454,0,171,8,19,32,12,9,2,8,8,0,0,0,0,0,0,0,4034,67,2,0,1,0,0,0,0,0,0,1,0,0
59594,0,1,74,457,4,29,0,0,9,1,8,1,7,7,0,1,0,0,0,0,0,3998,58,1,0,1,0,0,0,0,1,0,0,0,0
80685,0,0,55,241,45,604,34,26,54,1,6,4,10,2,0,0,0,0,0,0,0,4057,29,0,0,1,0,0,0,0,0,0,1,0,0
40344,0,1,48,210,0,6,0,0,2,2,4,1,5,7,0,0,0,0,0,0,0,3640,49,1,0,0,0,1,0,0,1,0,0,0,0
62710,0,1,53,441,35,83,7,29,11,4,4,2,12,4,0,0,0,0,0,0,0,3783,51,1,0,1,0,0,0,0,1,0,0,0,0
48985,0,1,13,19,13,18,10,7,8,1,1,1,3,3,0,0,0,0,0,0,0,3740,55,1,0,0,0,0,0,0,1,0,0,0,0
35322,1,2,34,28,9,37,12,7,13,3,2,0,4,8,0,0,0,0,0,0,0,4057,55,3,0,1,0,0,0,0,0,0,1,0,0
77142,0,0,54,476,75,162,29,151,97,1,4,4,8,2,0,0,0,0,0,0,0,3777,75,0,0,1,0,0,0,0,1,0,0,0,0
81657,0,0,69,364,40,425,158,60,50,1,3,4,8,1,0,0,0,0,0,0,0,3539,54,0,0,1,0,0,0,0,0,1,0,0,0
14421,0,0,81,0,0,2,3,3,8,1,1,0,2,5,1,0,0,0,0,0,0,3513,27,0,1,0,0,0,0,0,1,0,0,0,0
20130,0,0,99,0,6,3,7,6,12,1,1,0,3,8,0,0,0,0,0,0,0,3485,49,0,0,0,0,0,0,0,1,0,0,0,0
74214,0,0,3,863,83,547,86,99,33,1,8,2,5,5,0,0,0,0,0,0,0,4053,33,0,0,0,0,1,0,0,1,0,0,0,0
66726,1,1,61,349,7,35,0,0,47,3,8,2,4,7,0,1,0,0,0,0,0,3549,66,2,0,0,1,0,0,0,1,0,0,0,0
23724,1,0,65,5,23,15,0,18,14,2,2,0,3,8,0,0,0,0,0,0,0,3918,44,1,1,0,0,0,0,0,0,0,1,0,0
47353,0,1,93,184,2,19,8,8,4,3,2,2,6,5,0,0,0,0,0,0,0,3609,63,1,0,0,1,0,0,0,1,0,0,0,0
33444,1,1,24,8,0,8,0,0,2,1,1,0,2,8,0,0,0,0,0,0,0,3984,71,2,0,0,1,0,0,0,1,0,0,0,0
54386,0,1,8,277,21,64,62,21,25,2,3,2,10,3,0,0,0,0,0,0,0,3789,42,1,0,1,0,0,0,0,1,0,0,0,0
28510,1,1,72,44,5,19,0,4,19,3,2,0,4,5,0,0,0,0,0,0,0,3823,42,2,0,1,0,0,0,1,0,0,0,0,0
90638,0,0,29,1156,120,915,94,144,96,1,3,4,10,1,0,0,1,0,0,0,0,3517,32,0,0,0,1,0,0,0,0,1,0,0,0
48070,0,1,33,373,14,83,6,9,19,3,8,2,6,7,0,0,0,0,0,1,0,3913,73,1,0,1,0,0,0,0,0,0,1,0,0
43140,0,1,68,134,8,76,6,0,11,1,4,1,5,6,0,0,0,0,0,0,0,3921,66,1,0,1,0,0,0,0,1,0,0,0,0
54959,0,1,55,1148,0,60,0,0,24,3,9,5,4,7,0,1,0,0,0,0,1,3907,62,1,0,0,0,1,0,1,0,0,0,0,0
15056,1,1,76,6,12,3,21,6,40,5,2,2,3,5,0,0,0,0,0,0,0,3803,65,2,1,0,0,0,0,0,0,1,0,0,0
26954,1,0,17,4,1,11,0,0,1,1,1,0,2,7,0,0,0,0,0,0,0,3433,52,1,0,1,0,0,0,0,0,1,0,0,0
22327,1,0,94,5,4,8,2,0,5,1,1,0,3,5,0,0,0,0,0,0,0,3712,38,1,0,1,0,0,0,0,0,1,0,0,0
44393,1,1,86,24,2,20,2,2,10,2,1,0,4,4,0,0,0,0,0,0,0,3692,58,2,0,1,0,0,0,0,1,0,0,0,0
62000,0,1,25,899,0,101,0,0,20,1,6,6,13,4,0,0,0,1,0,0,0,3689,71,1,0,0,0,1,0,0,0,1,0,0,0
31497,0,1,22,108,1,28,13,1,4,2,3,1,4,8,0,0,0,0,0,0,0,3951,61,1,0,0,0,1,0,0,0,0,1,0,0
45894,0,2,15,27,2,7,0,2,13,1,1,0,3,5,0,0,0,0,0,0,0,3503,49,2,0,0,0,0,0,0,1,0,0,0,0
78579,0,0,35,816,66,549,216,66,99,1,5,6,4,3,0,0,0,0,0,0,1,3935,53,0,0,0,1,0,0,1,0,0,0,0,0
67369,0,1,81,1298,0,70,37,14,42,4,7,4,10,4,0,1,1,0,0,0,1,3970,54,1,0,0,1,0,0,0,0,0,0,1,0
58401,0,1,55,10,0,11,17,29,29,1,1,2,2,4,0,0,0,0,0,0,0,3451,63,1,0,1,0,0,0,1,0,0,0,0,0
62307,0,1,94,87,13,34,10,6,10,1,4,0,4,5,0,0,0,0,0,0,0,3513,71,1,0,1,0,0,0,0,0,1,0,0,0
43641,1,1,50,57,2,51,4,2,23,3,2,1,4,6,0,0,0,0,0,0,0,3814,54,2,0,0,1,0,0,0,1,0,0,0,0
63841,0,1,64,635,15,100,20,7,131,1,9,3,9,6,0,0,0,0,0,0,0,3815,55,1,0,0,1,0,0,1,0,0,0,0,0
46891,0,1,91,43,12,23,29,15,61,1,2,1,4,4,0,0,0,0,0,0,0,3682,58,1,0,0,0,0,0,0,1,0,0,0,0
70091,1,0,11,964,34,137,15,0,11,2,5,2,10,8,0,1,0,0,0,0,0,3836,54,1,0,0,1,0,0,0,1,0,0,0,0
78075,0,0,72,572,8,259,34,35,80,1,3,5,5,1,0,0,0,0,0,0,0,3466,51,0,0,0,0,1,0,0,1,0,0,0,0
59184,0,1,6,341,142,113,259,151,66,3,6,6,12,5,0,0,0,0,0,0,0,4039,62,1,0,0,0,0,0,0,0,0,0,1,0
54809,1,1,0,63,6,57,13,13,22,4,2,1,5,4,0,0,0,0,0,0,0,3672,46,2,0,1,0,0,0,0,1,0,0,0,0
58113,0,1,66,221,104,169,102,78,84,3,9,2,8,7,0,0,0,0,0,1,0,3901,64,1,0,1,0,0,0,0,1,0,0,0,0
51412,0,1,42,140,3,29,4,5,14,2,3,2,4,4,0,0,0,0,0,0,0,3561,65,1,0,0,1,0,0,0,1,0,0,0,0
15287,1,0,60,1,2,8,4,3,13,2,1,1,2,7,1,0,0,0,0,0,1,4008,44,1,0,1,0,0,0,1,0,0,0,0,0
66636,0,0,64,291,10,689,84,10,0,1,3,4,9,1,0,0,0,0,0,0,0,3697,66,0,0,0,1,0,0,0,0,0,1,0,0
50965,0,1,87,544,13,85,8,6,29,3,10,4,5,8,1,0,0,0,0,0,0,3875,67,1,0,0,1,0,0,0,1,0,0,0,0
84618,0,0,96,684,100,801,21,66,0,1,6,9,10,2,0,0,1,0,0,0,0,3600,58,0,0,0,0,1,0,0,1,0,0,0,0
18351,0,0,1,1,12,9,0,14,7,1,2,0,3,7,0,0,0,0,0,0,0,3624,33,0,0,1,0,0,0,0,1,0,0,0,0
40451,0,2,54,35,0,4,0,0,10,1,1,1,2,5,1,0,0,0,0,0,0,3514,66,2,0,0,0,1,0,0,0,0,1,0,0
36317,0,1,53,87,3,25,3,2,13,2,3,0,4,7,0,0,0,0,0,0,0,3784,58,1,0,1,0,0,0,0,0,0,1,0,0
42213,0,1,96,309,3,24,4,3,20,2,5,1,7,7,0,1,0,0,0,0,0,3641,66,1,0,1,0,0,0,0,0,0,1,0,0
65748,0,1,58,172,73,93,95,78,34,2,2,4,10,1,0,0,0,0,0,1,0,3821,68,1,0,1,0,0,0,0,0,0,1,0,0
77044,0,1,12,625,38,242,50,34,76,2,7,11,11,4,1,0,0,0,0,0,0,3626,51,1,0,1,0,0,0,0,0,0,1,0,0
74918,0,0,78,972,59,913,25,19,59,1,5,9,6,3,0,0,1,0,0,0,0,3855,54,0,0,1,0,0,0,0,0,0,1,0,0
56721,1,1,64,157,6,39,6,13,75,5,4,1,5,6,0,0,0,0,0,0,0,3987,51,2,0,1,0,0,0,0,1,0,0,0,0
42160,1,1,26,48,9,45,3,15,20,4,2,1,4,6,0,0,0,0,0,0,1,3747,48,2,0,1,0,0,0,0,0,1,0,0,0
61559,0,1,8,279,83,88,32,14,34,1,4,2,10,3,0,0,0,0,0,0,0,3728,58,1,0,1,0,0,0,0,0,1,0,0,0
33629,1,1,49,132,0,16,0,0,4,5,3,1,4,9,0,0,0,0,0,0,0,4071,60,2,0,0,0,1,0,0,0,0,1,0,0
68682,0,0,56,919,0,505,99,30,45,1,4,9,10,2,0,0,0,0,0,0,0,3647,32,0,0,0,0,1,0,0,0,0,1,0,0
34377,0,1,55,62,0,22,3,1,26,2,2,2,2,7,0,0,0,0,0,0,0,3907,60,1,0,1,0,0,0,0,0,1,0,0,0
8940,1,0,25,1,45,3,4,6,42,3,3,1,3,8,0,0,0,0,0,0,0,4057,37,1,1,0,0,0,0,0,0,1,0,0,0
26228,1,0,50,2,6,4,3,1,9,1,1,0,2,8,0,0,0,0,0,0,0,3661,50,1,0,1,0,0,0,0,1,0,0,0,0
77297,0,0,84,408,61,109,48,122,41,1,5,7,9,4,0,0,0,1,0,0,0,3900,66,0,0,0,0,0,0,1,0,0,0,0,0
40211,1,1,30,51,1,7,2,1,25,2,2,1,2,8,1,0,0,0,0,0,0,3715,42,2,0,1,0,0,0,0,1,0,0,0,0
33438,1,1,81,62,1,16,3,2,6,4,2,1,4,5,0,0,0,0,0,0,0,3661,65,2,0,0,0,1,0,0,0,0,0,1,0
75032,0,1,74,952,12,180,47,12,12,2,5,4,9,3,0,0,0,0,0,0,0,3808,64,1,0,0,0,1,0,0,1,0,0,0,0
61284,0,0,76,618,15,106,20,7,45,1,11,2,8,6,0,1,0,0,0,0,0,3641,68,0,0,0,0,1,0,0,0,1,0,0,0
22518,1,0,36,11,7,12,2,2,27,2,2,1,2,5,1,0,0,0,0,0,1,3996,37,1,0,1,0,0,0,0,1,0,0,0,0
54730,0,1,64,318,3,17,4,7,56,5,4,1,8,4,0,0,0,0,0,0,0,3699,48,1,0,0,1,0,0,0,1,0,0,0,0
38452,1,1,62,56,0,14,0,0,2,3,3,0,3,7,0,0,0,0,0,0,0,3472,68,2,0,0,1,0,0,0,1,0,0,0,0
44421,1,1,53,110,5,59,7,1,7,5,5,0,4,8,0,0,0,0,0,0,0,3880,52,2,0,1,0,0,0,1,0,0,0,0,0
38197,1,0,86,23,0,11,2,1,3,1,1,0,3,5,0,0,0,0,0,0,0,3746,37,1,0,0,0,1,0,0,0,0,1,0,0
41986,0,1,15,27,5,8,8,3,12,3,3,0,4,4,0,0,0,0,0,0,0,3521,45,1,0,1,0,0,0,1,0,0,0,0,0
28427,1,0,67,18,3,19,3,3,6,2,2,0,3,8,0,0,0,0,0,0,0,3846,40,1,0,1,0,0,0,0,0,0,1,0,0
37395,1,0,47,18,0,9,0,1,11,1,1,0,3,6,0,0,0,0,0,0,0,3439,47,1,0,0,0,1,0,0,0,0,1,0,0
64722,1,0,47,303,0,280,60,147,15,4,8,2,11,6,0,0,0,0,0,0,0,3415,52,1,0,1,0,0,0,0,1,0,0,0,0
55249,0,1,81,97,1,19,2,0,11,1,2,1,4,3,0,0,0,0,0,0,0,3454,67,1,0,0,1,0,0,0,0,0,1,0,0
84906,0,0,98,997,15,414,99,30,76,1,5,6,12,2,0,1,1,0,1,0,0,3649,51,0,0,1,0,0,0,0,0,0,1,0,0
28691,1,0,56,5,4,13,8,0,4,1,1,0,3,8,0,0,0,0,0,0,0,3741,34,1,0,1,0,0,0,0,1,0,0,0,0
44213,1,1,48,95,11,35,0,4,7,4,2,1,5,6,0,0,0,0,0,0,0,3593,71,2,0,1,0,0,0,0,0,1,0,0,0
25707,1,0,18,1,6,2,3,6,3,1,1,0,3,7,0,0,0,0,0,0,0,3543,39,1,1,0,0,0,0,0,0,1,0,0,0
59062,2,1,74,46,1,12,3,0,9,2,2,0,3,4,0,0,0,0,0,0,0,3650,56,3,0,0,0,1,0,0,1,0,0,0,0
76624,0,1,68,411,106,147,54,115,66,1,5,10,7,1,1,0,0,0,0,0,0,3417,61,1,0,1,0,0,0,0,0,1,0,0,0
66000,0,0,36,244,51,270,101,0,45,1,1,3,5,1,0,0,0,0,0,0,0,3451,76,0,0,0,1,0,0,0,0,0,1,0,0
27683,1,0,90,152,9,121,12,12,45,4,6,2,4,8,0,0,0,0,0,0,0,4075,45,1,0,0,0,1,0,0,0,0,1,0,0
1730,0,0,65,1,1,3,1,1,1,15,0,0,0,20,0,0,0,0,0,0,0,3423,52,0,0,1,0,0,0,1,0,0,0,0,0
7500,1,0,63,10,17,18,8,26,40,4,3,2,2,9,0,0,0,0,0,0,0,3954,31,1,1,0,0,0,0,0,0,1,0,0,0
40521,1,1,82,12,0,5,0,0,4,1,0,1,2,5,0,0,0,0,0,0,0,3831,55,2,0,1,0,0,0,0,0,0,1,0,0
20427,1,0,63,5,0,4,0,0,1,1,1,0,2,8,0,0,0,0,0,0,0,3478,50,1,0,0,0,1,0,0,0,0,1,0,0
65106,0,1,55,790,19,133,12,0,19,3,8,3,13,6,0,1,0,0,0,0,0,3417,48,1,0,1,0,0,0,0,1,0,0,0,0
69969,0,0,64,882,29,514,38,29,44,1,4,2,6,3,0,0,1,1,0,0,1,3687,58,0,0,0,0,1,0,0,1,0,0,0,0
67433,0,2,51,615,28,259,12,48,30,4,6,5,13,4,0,1,0,0,0,0,0,3729,71,2,0,1,0,0,0,0,1,0,0,0,0
77766,0,1,97,1004,59,265,115,59,27,2,11,10,11,6,1,0,0,0,0,0,1,3873,56,1,0,0,0,1,0,0,1,0,0,0,0
74716,0,1,92,133,27,421,13,195,71,2,7,3,5,4,0,0,0,0,0,0,0,3671,51,1,0,1,0,0,0,0,1,0,0,0,0
68118,0,1,51,595,23,123,10,23,154,2,8,9,4,6,0,0,0,0,0,0,0,3635,60,1,0,1,0,0,0,1,0,0,0,0,0
55158,1,1,72,293,0,87,4,11,23,4,7,2,5,7,0,0,0,0,0,0,1,4080,53,2,0,0,0,1,0,0,1,0,0,0,0
62972,0,1,39,313,15,47,20,0,192,2,7,4,3,6,0,0,0,0,0,0,1,4076,68,1,0,0,0,0,0,0,1,0,0,0,0
74190,0,1,49,151,81,86,168,91,64,2,4,2,11,2,0,0,0,0,0,0,0,3429,48,1,0,1,0,0,0,0,1,0,0,0,0
39356,1,1,21,15,0,2,0,0,6,1,1,0,2,6,1,0,0,0,0,0,0,3483,47,2,0,1,0,0,0,0,1,0,0,0,0
76653,0,0,91,736,63,946,219,189,126,1,4,7,11,2,0,0,1,1,0,0,0,3698,54,0,0,1,0,0,0,0,0,0,1,0,0
35860,1,1,37,15,0,8,4,2,20,2,1,1,2,5,1,0,0,0,0,0,0,3422,50,2,0,0,0,1,0,1,0,0,0,0,0
90687,0,0,98,982,17,672,23,34,51,1,6,2,8,2,0,0,1,0,0,0,1,3784,40,0,0,0,0,1,0,1,0,0,0,0,0
73450,0,0,85,1142,51,415,90,69,37,1,7,8,11,3,1,0,0,1,0,0,0,3587,41,0,0,0,1,0,0,0,0,0,1,0,0
31454,1,1,40,28,0,11,0,0,9,3,2,0,3,8,0,0,0,0,0,0,0,3739,63,2,0,1,0,0,0,0,1,0,0,0,0
47139,1,1,2,46,0,12,0,2,23,2,2,1,2,7,0,0,0,0,0,0,1,3496,71,2,0,1,0,0,0,0,0,1,0,0,0
83829,0,0,78,897,161,430,186,161,27,0,4,7,6,1,1,0,1,1,0,0,1,3645,48,0,0,1,0,0,0,1,0,0,0,0,0
53378,1,1,41,489,6,152,8,6,132,10,9,4,6,8,0,0,0,0,0,0,1,4024,60,2,0,0,0,1,0,0,1,0,0,0,0
19656,1,0,94,25,4,9,6,8,32,3,2,1,3,7,0,0,0,0,0,0,0,3887,53,1,0,1,0,0,0,0,0,0,1,0,0
45579,0,1,10,145,1,33,2,1,1,1,4,1,4,6,0,0,0,0,0,0,0,3694,75,1,0,0,0,1,0,0,1,0,0,0,0
85485,0,0,73,630,26,611,44,18,54,1,6,6,6,2,0,0,0,0,0,0,0,3389,65,0,0,0,0,0,0,0,0,1,0,0,0
55956,0,0,22,760,38,104,50,9,38,2,7,3,4,4,0,1,0,0,0,0,0,3464,79,0,0,1,0,0,0,0,1,0,0,0,0
64191,0,1,30,420,15,186,151,38,15,3,5,3,13,3,0,0,0,0,0,0,0,3904,60,1,0,0,1,0,0,0,0,1,0,0,0
38808,1,0,21,125,17,52,3,19,30,4,5,1,4,8,1,0,0,0,0,0,1,4053,51,1,0,1,0,0,0,0,0,1,0,0,0
57183,1,1,51,464,5,64,7,0,70,8,9,1,7,8,0,0,0,0,0,0,0,3848,57,2,0,0,1,0,0,0,1,0,0,0,0
23748,1,0,97,6,6,29,12,15,8,3,2,1,3,8,0,0,0,0,0,0,0,3966,55,1,0,0,1,0,0,1,0,0,0,0,0
66303,0,1,56,1090,12,96,16,12,60,4,3,4,11,8,0,1,0,0,0,0,0,3869,52,1,0,1,0,0,0,0,1,0,0,0,0
37368,1,0,4,3,2,11,2,2,10,1,1,0,2,6,1,0,0,0,0,0,0,3576,48,1,0,0,1,0,0,0,1,0,0,0,0
40800,1,2,77,24,0,27,8,30,10,2,3,0,3,7,0,0,0,0,0,1,0,3925,59,3,0,1,0,0,0,0,1,0,0,0,0
71847,0,0,95,737,21,106,55,63,210,0,6,7,9,3,0,0,0,1,0,0,0,4027,45,0,0,1,0,0,0,1,0,0,0,0,0
46149,0,1,36,254,6,71,4,0,27,5,5,1,7,5,0,0,0,0,0,0,0,3593,48,1,0,1,0,0,0,0,1,0,0,0,0
78687,0,0,13,817,185,687,145,55,241,1,4,6,8,2,0,0,1,0,0,0,1,4070,40,0,0,1,0,0,0,0,0,0,1,0,0
49118,0,0,90,620,54,239,99,98,119,2,9,7,10,7,0,1,0,0,1,0,1,4061,52,0,0,0,0,0,0,1,0,0,0,0,0
37633,1,1,49,13,4,20,0,0,1,2,1,0,3,9,0,0,0,0,0,0,0,4028,66,2,0,0,0,1,0,0,1,0,0,0,0
39767,0,0,18,113,61,204,34,26,47,2,7,1,7,8,0,0,0,0,0,0,0,3724,72,0,0,0,1,0,0,0,0,0,1,0,0
26997,0,0,89,7,23,78,133,49,144,2,4,2,5,7,0,0,0,0,0,0,0,3982,72,0,1,0,0,0,0,0,1,0,0,0,0
33986,1,0,43,16,2,18,2,1,5,1,1,0,3,7,0,0,0,0,0,0,0,3853,53,1,0,1,0,0,0,1,0,0,0,0,0
57091,0,1,82,462,0,24,6,0,4,2,9,2,5,7,0,1,0,0,0,0,1,3964,51,1,0,0,0,1,0,0,1,0,0,0,0
46831,1,1,84,22,2,10,6,4,34,2,1,2,2,4,0,0,0,0,0,0,0,3767,54,2,0,0,0,0,0,0,1,0,0,0,0
83151,0,0,80,968,147,842,137,42,210,1,5,7,10,2,1,0,1,1,0,0,1,3885,51,0,0,0,1,0,0,0,1,0,0,0,0
52531,0,0,68,283,112,151,51,72,125,2,7,2,10,6,0,0,0,0,0,0,0,3927,52,0,0,1,0,0,0,0,1,0,0,0,0
15759,0,0,12,1,2,5,6,0,3,1,1,0,2,7,0,0,0,0,0,0,0,3678,67,0,0,1,0,0,0,0,1,0,0,0,0
22804,1,0,75,14,1,7,2,1,1,1,2,0,2,9,0,0,0,0,0,0,0,3714,52,1,0,1,0,0,0,0,0,1,0,0,0
43050,1,0,10,30,5,24,6,3,8,2,2,0,4,5,0,0,0,0,0,0,0,3484,50,1,0,0,0,0,0,0,1,0,0,0,0
42997,1,1,91,4,0,5,0,1,5,1,1,0,2,7,0,0,0,0,0,0,0,3585,46,2,0,0,0,1,0,0,0,1,0,0,0
48918,1,1,21,52,0,9,0,0,1,2,1,0,4,4,0,0,0,0,0,0,0,3459,60,2,0,0,0,1,0,0,0,1,0,0,0
60033,0,1,28,62,1,57,19,11,48,2,2,1,5,2,0,0,0,0,0,0,0,3473,69,1,0,0,1,0,0,0,0,0,1,0,0
34043,1,0,97,20,2,14,3,0,10,1,2,0,2,9,0,0,0,0,0,0,0,3628,45,1,0,0,0,1,0,0,0,0,1,0,0
57811,0,1,49,545,7,114,37,21,78,5,7,2,11,5,0,1,0,0,0,0,0,3751,57,1,0,1,0,0,0,0,0,0,1,0,0
78569,0,0,14,558,79,622,207,175,95,1,4,6,4,1,0,0,1,0,0,0,1,3511,77,0,0,1,0,0,0,0,1,0,0,0,0
7500,1,1,5,6,5,4,13,4,25,4,2,1,3,6,0,0,0,0,0,0,0,3930,45,2,0,1,0,0,0,0,0,1,0,0,0
157733,1,0,37,39,1,9,2,0,8,0,1,0,1,1,0,0,0,0,0,0,0,3771,52,1,0,0,1,0,0,0,0,0,1,0,0
94384,0,0,62,1111,24,790,160,45,172,0,5,8,5,2,0,1,1,1,0,0,1,3863,70,0,0,1,0,0,0,0,0,0,1,0,0
23148,0,0,83,4,6,8,6,3,10,1,2,0,3,7,0,0,0,0,0,0,0,3512,38,0,0,0,0,0,0,0,1,0,0,0,0
44267,1,1,48,183,5,65,3,5,49,5,5,2,4,9,0,0,0,0,0,0,0,3870,53,2,0,1,0,0,0,1,0,0,0,0,0
71626,0,0,94,546,72,376,94,145,72,1,5,5,8,3,0,1,0,0,0,0,0,3986,44,0,0,1,0,0,0,0,1,0,0,0,0
60894,0,1,61,606,7,155,10,0,54,5,10,3,8,7,0,0,0,0,0,0,0,3747,57,1,0,1,0,0,0,0,0,0,1,0,0
50200,1,1,70,266,6,51,8,6,64,6,7,1,5,8,0,0,0,0,0,0,0,3833,47,2,0,1,0,0,0,0,0,0,1,0,0
81051,0,0,43,1142,29,249,38,29,14,1,5,5,12,2,0,1,1,0,0,0,0,3418,58,0,0,0,0,1,0,0,1,0,0,0,0
65169,0,0,23,1074,0,69,0,0,46,1,10,4,13,6,1,0,1,1,1,0,1,3547,41,0,0,1,0,0,0,0,1,0,0,0,0
59868,0,1,37,771,51,154,54,10,154,7,11,2,12,6,0,0,0,0,0,0,0,3723,51,1,0,1,0,0,0,0,0,0,1,0,0
65695,0,1,50,371,32,189,0,58,6,2,5,4,10,4,0,0,0,0,0,0,0,3530,63,1,0,0,0,1,0,0,1,0,0,0,0
64857,0,0,78,556,14,717,210,0,43,1,7,5,10,4,0,0,0,0,0,0,0,3964,67,0,0,0,1,0,0,0,0,1,0,0,0
45143,0,1,74,202,5,74,11,5,14,3,6,1,5,7,0,0,0,0,0,0,0,3688,58,1,0,0,1,0,0,0,0,0,1,0,0
74805,0,1,14,209,162,209,41,162,37,5,4,7,10,2,0,0,0,0,0,0,0,3616,68,1,0,0,0,0,0,0,0,0,1,0,0
59060,1,0,77,35,40,111,36,40,12,3,3,1,7,4,0,0,0,0,0,0,0,3550,34,1,0,0,0,0,0,0,1,0,0,0,0
27238,1,1,39,37,0,17,0,0,3,3,3,0,3,9,0,0,0,0,0,0,0,3816,61,2,0,0,0,1,0,0,0,1,0,0,0
47009,0,1,89,171,45,73,59,10,90,4,3,2,8,4,0,0,0,0,0,0,0,3652,58,1,0,1,0,0,0,0,0,0,1,0,0
46094,1,1,62,12,2,20,3,2,5,1,1,0,3,7,0,0,0,0,0,0,0,3400,50,2,0,0,0,0,0,0,1,0,0,0,0
40321,1,1,59,44,4,21,6,0,27,2,3,0,3,7,0,0,0,0,0,0,0,3716,51,2,0,1,0,0,0,0,1,0,0,0,0
37235,1,0,68,20,2,9,4,6,20,1,1,1,2,4,0,0,0,0,0,0,0,3529,39,1,0,1,0,0,0,0,0,0,1,0,0
81843,0,0,13,779,86,537,34,69,138,1,5,9,12,3,0,0,0,0,0,0,0,3814,63,0,0,0,1,0,0,0,1,0,0,0,0
46692,0,1,37,170,6,97,24,12,88,3,6,1,5,6,0,0,0,0,0,0,0,3769,65,1,0,0,1,0,0,0,0,0,1,0,0
77382,0,1,36,491,48,231,112,105,134,2,5,7,12,1,0,0,1,0,0,0,0,3554,55,1,0,1,0,0,0,0,0,0,1,0,0
37774,2,0,28,173,8,107,7,2,176,4,7,2,3,9,1,0,0,0,0,1,1,4045,46,2,0,1,0,0,0,0,0,1,0,0,0
18393,1,0,2,7,10,13,16,0,4,2,3,0,3,8,0,0,0,0,0,0,0,3473,49,1,1,0,0,0,0,0,1,0,0,0,0
72828,0,1,17,1205,0,235,19,14,205,6,6,3,13,7,0,0,0,0,0,0,0,3881,61,1,0,0,1,0,0,0,1,0,0,0,0
24711,0,0,86,10,7,25,6,3,7,1,3,0,3,7,0,0,0,0,0,0,0,3453,41,0,0,1,0,0,0,0,1,0,0,0,0
45503,1,0,54,97,4,44,6,1,18,1,3,1,4,5,0,0,0,0,0,0,0,3658,48,1,0,0,0,1,0,0,1,0,0,0,0
6560,0,0,2,67,11,26,4,3,262,0,1,0,1,17,0,0,0,0,0,0,0,3580,41,0,0,0,1,0,0,0,0,1,0,0,0
71604,0,0,3,345,53,528,98,75,97,1,8,3,5,4,1,0,0,0,0,0,1,3605,78,0,0,0,0,1,0,0,0,0,1,0,0
27244,1,0,84,6,5,17,3,24,46,2,2,2,2,7,0,0,0,0,0,0,0,3495,44,1,0,1,0,0,0,0,1,0,0,0,0
48752,1,1,8,73,57,100,71,15,0,5,6,1,5,9,0,0,0,0,0,0,1,3945,54,2,0,1,0,0,0,0,1,0,0,0,0
71434,0,1,4,711,36,217,172,96,168,3,7,4,7,4,0,1,0,1,0,0,0,3665,61,1,0,1,0,0,0,0,1,0,0,0,0
90842,0,0,57,774,70,118,182,187,93,1,4,9,13,1,0,0,0,0,0,0,0,3716,75,0,0,1,0,0,0,0,0,1,0,0,0
88097,1,0,24,163,0,480,0,126,75,1,6,5,8,9,0,1,1,1,0,0,1,4061,45,1,0,0,1,0,0,0,1,0,0,0,0
51948,0,1,51,82,33,54,71,30,41,2,5,2,4,5,0,0,0,0,0,0,0,3666,48,1,0,1,0,0,0,0,1,0,0,0,0
71853,0,0,29,358,108,413,141,97,32,1,2,8,6,1,0,0,0,0,0,0,0,3798,41,0,0,1,0,0,0,0,0,0,1,0,0
35876,0,0,13,66,2,40,4,3,14,1,3,1,3,6,0,0,0,0,0,0,0,3451,40,0,0,0,1,0,0,0,1,0,0,0,0
40049,0,1,23,13,6,7,0,3,3,1,1,0,3,6,0,0,0,0,0,0,0,3637,71,1,0,1,0,0,0,0,0,0,0,1,0
39660,1,0,36,139,13,78,20,13,36,3,7,1,3,9,0,0,0,0,0,0,1,4071,41,1,0,1,0,0,0,0,0,1,0,0,0
50127,0,1,88,274,0,21,4,6,15,1,5,1,6,6,0,1,0,0,0,0,0,3412,61,1,0,1,0,0,0,0,0,0,1,0,0
43263,0,1,2,262,6,61,0,10,102,3,5,2,6,5,0,0,0,0,0,0,0,3966,46,1,0,0,1,0,0,0,1,0,0,0,0
62845,1,1,3,1099,0,45,0,0,34,11,3,4,10,8,0,1,0,0,0,0,1,4017,74,2,0,0,1,0,0,0,1,0,0,0,0
18929,0,0,15,32,0,8,23,4,18,1,1,0,4,6,0,0,0,0,0,0,0,3879,33,0,0,1,0,0,0,0,1,0,0,0,0
24367,1,0,58,2,4,2,0,11,5,1,1,0,2,9,0,0,0,0,0,0,0,3847,41,1,1,0,0,0,0,0,0,1,0,0,0
33249,1,0,11,6,10,21,19,14,42,2,2,1,3,6,0,0,0,0,0,0,0,3875,48,1,0,1,0,0,0,0,0,1,0,0,0
26887,0,1,27,6,7,4,3,4,6,1,1,0,3,6,0,0,0,0,0,0,0,3885,64,1,0,0,0,0,0,0,1,0,0,0,0
50150,0,0,32,135,46,92,65,61,11,2,5,2,7,5,0,0,0,0,0,0,0,3755,40,0,0,0,0,1,0,0,1,0,0,0,0
62061,0,1,12,641,7,84,0,30,38,3,10,4,7,6,0,1,0,0,0,0,0,3683,47,1,0,1,0,0,0,0,0,0,1,0,0
85696,0,0,88,714,76,395,116,0,12,1,4,6,9,1,0,0,0,0,0,0,1,3803,61,0,0,0,0,1,0,1,0,0,0,0,0
76542,0,0,91,794,73,573,0,29,14,1,4,8,10,2,0,0,0,0,0,0,0,3837,67,0,0,0,0,1,0,0,0,0,1,0,0
70515,0,0,12,420,0,452,182,64,140,1,6,6,4,2,0,0,0,0,0,0,1,3632,30,0,0,1,0,0,0,0,0,1,0,0,0
18227,1,0,21,1,2,7,4,3,11,1,0,1,2,8,0,0,0,0,0,0,0,3979,36,1,0,1,0,0,0,0,0,0,1,0,0
69139,0,1,23,86,12,75,33,15,6,1,4,1,5,4,0,0,0,0,0,0,0,3534,58,1,0,1,0,0,0,0,1,0,0,0,0
69109,0,0,10,823,25,459,124,29,95,1,6,6,7,4,0,0,1,0,0,0,1,3978,41,0,0,1,0,0,0,0,1,0,0,0,0
69627,0,1,35,231,161,215,171,30,53,2,8,2,11,5,0,0,0,0,0,0,0,3850,61,1,0,1,0,0,0,0,0,1,0,0,0
38136,1,0,69,8,15,27,0,20,33,2,3,1,2,8,1,0,0,0,0,0,0,3814,45,1,0,1,0,0,0,0,1,0,0,0,0
62159,0,0,68,182,17,259,77,70,29,1,6,2,10,4,0,0,0,0,0,0,0,3443,77,0,0,0,0,1,0,0,0,1,0,0,0
80695,0,0,85,557,129,984,193,37,18,1,5,8,5,2,0,0,0,0,0,0,0,3563,60,0,0,1,0,0,0,0,0,1,0,0,0
33316,1,1,34,79,1,31,4,4,12,3,2,1,4,6,0,0,0,0,0,0,0,3649,52,2,0,0,1,0,0,0,0,1,0,0,0
58554,1,1,55,368,24,68,38,0,88,6,8,2,6,7,0,0,0,0,0,0,0,4022,55,2,0,1,0,0,0,0,0,0,1,0,0
17256,1,0,10,6,4,14,8,8,22,2,2,1,2,8,1,0,0,0,0,0,0,3599,31,1,1,0,0,0,0,0,1,0,0,0,0
53034,1,1,30,160,15,196,15,11,50,8,6,1,7,8,0,0,0,0,0,0,0,3776,49,2,0,1,0,0,0,1,0,0,0,0,0
52203,0,0,36,488,21,238,56,108,28,1,8,7,11,6,0,0,0,0,0,0,0,4079,73,0,0,0,0,0,0,0,0,0,1,0,0
59601,0,1,14,691,7,69,0,7,23,4,2,2,7,8,0,1,0,0,0,0,0,3720,46,1,0,0,0,0,0,1,0,0,0,0,0
75154,0,1,79,543,10,205,160,143,82,1,6,3,6,3,0,0,0,0,0,0,1,4044,65,1,0,0,1,0,0,0,0,1,0,0,0
47025,0,1,52,254,7,108,20,0,26,3,6,3,5,6,0,0,0,0,0,0,0,3615,47,1,0,1,0,0,0,0,0,1,0,0,0
37971,1,0,97,5,4,10,2,2,7,1,1,0,3,8,0,0,0,0,0,0,0,3597,50,1,0,1,0,0,0,0,1,0,0,0,0
41335,1,0,24,112,19,21,16,14,5,3,4,1,4,7,0,0,0,0,0,0,0,3566,55,1,0,0,1,0,0,1,0,0,0,0,0
67267,0,1,0,134,11,59,15,2,30,1,3,2,5,2,0,0,0,0,0,0,0,3428,65,1,0,1,0,0,0,0,1,0,0,0,0
57338,0,1,96,143,6,52,11,8,17,2,4,1,5,5,0,0,0,0,0,0,0,3442,48,1,0,1,0,0,0,0,0,1,0,0,0
50523,1,1,89,51,4,24,4,7,1,2,2,0,4,6,0,0,0,0,0,0,0,3567,63,2,0,0,0,0,0,0,0,0,1,0,0
35791,2,1,94,27,0,5,0,0,3,2,1,0,3,8,0,0,0,0,0,0,0,3800,58,3,0,0,1,0,0,0,0,1,0,0,0
50611,0,1,98,459,0,24,6,0,4,6,4,5,7,6,0,1,0,0,0,0,0,4014,63,1,0,0,0,1,0,1,0,0,0,0,0
56242,0,1,72,689,8,167,11,8,88,5,8,4,11,6,0,0,0,0,0,0,0,3864,54,1,0,0,0,1,0,0,1,0,0,0,0
48904,0,1,1,283,10,38,0,13,27,4,7,2,4,8,0,0,0,0,0,0,0,3955,63,1,0,1,0,0,0,0,0,1,0,0,0
56243,1,2,26,347,0,35,4,3,7,6,4,2,8,5,0,0,0,0,0,0,0,3562,48,3,0,1,0,0,0,0,0,1,0,0,0
21355,1,0,5,5,13,14,0,5,31,2,2,1,2,6,1,0,0,0,0,0,1,3694,38,1,0,1,0,0,0,0,1,0,0,0,0
57420,0,1,22,280,0,18,0,0,24,3,5,1,6,7,0,1,0,0,0,0,0,3750,52,1,0,0,1,0,0,0,0,0,1,0,0
46390,0,1,56,95,14,64,2,9,38,1,4,2,3,7,0,0,0,0,0,0,0,3436,68,1,0,0,1,0,0,1,0,0,0,0,0
54342,1,1,74,84,10,34,11,10,28,4,3,1,4,6,0,0,0,0,0,0,0,3742,67,2,0,0,0,0,0,0,0,0,1,0,0
20895,1,0,24,18,3,17,3,0,4,1,2,0,3,9,0,0,0,0,0,0,0,4012,50,1,0,1,0,0,0,0,1,0,0,0,0
92344,0,0,9,992,24,694,51,19,119,0,5,10,5,1,1,0,1,0,0,0,0,3546,75,0,0,1,0,0,0,0,1,0,0,0,0
26907,1,1,10,9,1,7,0,3,2,2,1,0,3,7,0,0,0,0,0,0,0,3694,47,2,0,0,0,0,0,0,0,0,1,0,0
44964,1,1,35,19,1,17,2,0,2,1,1,0,3,8,0,0,0,0,0,0,0,3941,43,2,0,1,0,0,0,0,0,0,1,0,0
75507,0,0,56,709,93,374,104,80,80,1,8,6,6,3,0,0,0,0,0,0,0,3439,44,0,0,1,0,0,0,0,0,0,1,0,0
53761,1,1,7,158,0,76,13,7,71,6,4,4,3,5,0,0,0,0,0,0,0,3642,51,2,0,0,1,0,0,0,1,0,0,0,0
22682,1,0,51,10,14,29,4,2,36,3,2,1,4,4,0,0,0,0,0,0,0,3650,50,1,0,1,0,0,0,0,0,0,1,0,0
38887,1,0,17,25,1,13,0,0,3,1,1,0,3,7,0,0,0,0,0,0,0,3500,51,1,0,0,0,1,0,0,0,0,1,0,0
41658,1,1,30,8,4,12,15,4,29,2,1,1,2,4,0,0,0,0,0,0,0,3978,48,2,0,0,0,0,0,0,0,1,0,0,0
29791,1,0,21,14,0,6,0,0,0,2,2,0,3,5,0,0,0,0,0,0,0,3426,51,1,0,0,0,1,0,0,1,0,0,0,0
63915,0,2,2,622,7,115,30,0,15,2,6,3,12,5,0,0,0,0,0,0,0,3715,67,2,0,0,1,0,0,0,1,0,0,0,0
39996,1,1,85,11,0,3,0,0,1,1,1,0,2,6,0,0,0,0,0,0,0,3419,49,2,0,1,0,0,0,1,0,0,0,0,0
26759,1,0,65,25,3,16,8,5,2,2,2,1,3,6,0,0,0,0,0,0,0,3523,51,1,0,1,0,0,0,1,0,0,0,0,0
63841,0,1,64,635,15,100,20,7,131,1,9,3,9,6,0,0,0,0,0,0,0,3815,55,1,0,0,1,0,0,1,0,0,0,0,0
51039,1,1,11,100,64,79,65,0,109,2,6,2,4,7,0,0,0,0,0,0,0,3947,54,2,0,0,0,1,0,0,1,0,0,0,0
60544,1,1,92,201,2,43,3,5,35,4,5,1,5,6,0,0,0,0,0,0,0,4054,62,2,0,1,0,0,0,0,1,0,0,0,0
65685,0,1,54,642,14,49,0,7,57,1,9,2,9,5,0,0,0,0,0,0,0,3473,51,1,0,1,0,0,0,0,1,0,0,0,0
37716,0,1,4,97,1,41,6,2,41,2,4,1,3,7,0,0,0,0,0,0,0,3450,70,1,0,1,0,0,0,0,1,0,0,0,0
36864,0,1,53,204,5,39,17,0,89,3,5,2,4,8,0,0,0,0,0,0,1,4066,66,1,0,1,0,0,0,0,0,1,0,0,0
44511,1,0,39,513,7,133,46,14,14,6,8,4,8,8,0,0,0,0,0,0,0,4006,53,1,0,0,1,0,0,0,1,0,0,0,0
36947,1,1,49,88,3,21,4,1,29,4,3,0,4,9,0,0,0,0,0,0,0,4072,56,2,0,0,0,1,0,0,1,0,0,0,0
47352,0,1,70,172,12,112,8,0,15,4,6,1,5,7,0,0,0,0,0,0,0,3825,72,1,0,0,1,0,0,0,0,0,1,0,0
67087,0,1,40,329,35,222,130,35,43,2,7,5,8,4,0,0,0,0,0,0,0,3575,70,1,0,0,1,0,0,0,1,0,0,0,0
57045,0,1,40,296,13,104,11,13,17,3,4,2,9,3,0,0,0,0,0,0,0,4040,73,1,0,1,0,0,0,0,1,0,0,0,0
36957,1,1,43,100,2,16,2,1,31,4,3,2,2,9,0,0,0,0,0,0,1,4042,70,2,0,0,0,1,0,1,0,0,0,0,0
69389,0,1,17,422,7,238,69,46,15,1,7,2,12,4,0,0,0,0,0,0,0,4020,46,1,0,0,0,1,0,0,1,0,0,0,0
80134,1,0,40,1218,16,272,104,0,80,2,5,3,6,6,0,1,1,1,0,0,1,3786,51,1,0,1,0,0,0,0,1,0,0,0,0
43142,1,1,84,5,1,7,2,1,4,1,1,0,2,7,0,0,0,0,0,0,0,3512,54,2,0,0,1,0,0,0,1,0,0,0,0
80589,0,0,25,507,93,520,242,40,26,1,5,10,5,1,0,0,0,1,0,0,1,3539,79,0,0,1,0,0,0,0,1,0,0,0,0
34412,1,0,62,52,12,50,4,36,55,3,5,0,3,9,0,0,0,0,0,0,0,3882,33,1,0,1,0,0,0,0,0,1,0,0,0
57537,1,0,83,191,56,139,51,8,100,4,4,3,8,4,0,0,0,0,0,0,0,3765,44,1,0,1,0,0,0,0,0,1,0,0,0
22634,0,0,47,2,23,11,8,6,46,1,2,1,2,8,0,0,0,0,0,0,0,3910,57,0,1,0,0,0,0,0,0,0,1,0,0
51315,0,0,45,68,28,39,16,30,41,1,2,2,5,2,0,0,0,0,0,0,0,3507,75,0,0,1,0,0,0,0,0,0,1,0,0
36026,2,1,34,20,4,10,6,4,17,2,2,0,3,6,0,0,0,0,0,0,0,3486,51,3,0,1,0,0,0,0,1,0,0,0,0
24639,1,1,3,20,3,16,0,4,1,3,2,0,4,6,0,0,0,0,0,0,0,3533,50,2,0,1,0,0,0,0,1,0,0,0,0
34578,2,1,1,7,0,1,0,0,0,1,1,0,2,6,0,0,0,0,0,0,0,3460,51,3,0,0,0,1,0,0,0,0,1,0,0
65704,0,0,18,279,172,74,38,8,246,1,2,10,10,1,0,0,0,0,0,0,0,3640,51,0,0,0,0,0,0,0,0,1,0,0,0
63810,0,1,45,977,12,253,16,12,101,4,4,3,12,8,0,1,0,0,0,0,0,3976,57,1,0,1,0,0,0,0,0,1,0,0,0
54132,0,1,81,30,1,8,0,0,3,1,1,0,3,7,0,0,0,0,0,0,0,3514,54,1,0,0,0,1,0,0,0,0,1,0,0
18690,0,0,77,6,1,7,23,4,19,1,1,1,2,8,0,0,0,0,0,0,0,3929,64,0,0,1,0,0,0,0,1,0,0,0,0
28164,1,0,23,3,18,26,11,8,12,3,2,0,4,7,0,0,0,0,0,0,0,3802,53,1,0,1,0,0,0,0,1,0,0,0,0
34596,1,0,48,14,0,2,0,0,7,1,1,0,2,8,0,0,0,0,0,0,0,3823,49,1,0,0,0,1,0,0,1,0,0,0,0
43269,1,0,61,10,1,7,0,0,1,1,1,0,2,8,0,0,0,0,0,0,0,3667,51,1,0,0,0,1,0,0,1,0,0,0,0
38741,1,1,60,7,10,17,8,6,13,2,2,0,3,7,0,0,0,0,0,0,0,3472,65,2,0,0,0,0,0,0,0,1,0,0,0
31907,0,0,75,33,87,64,175,16,74,1,6,1,6,7,0,0,0,0,0,0,0,3863,51,0,0,1,0,0,0,0,0,1,0,0,0
27100,1,0,64,12,0,13,2,0,10,1,1,0,3,7,0,0,0,0,0,0,0,3831,40,1,0,0,1,0,0,0,1,0,0,0,0
31163,1,0,54,2,3,10,11,2,10,1,1,0,3,6,0,0,0,0,0,0,0,3517,50,1,0,0,0,0,0,1,0,0,0,0,0
92533,0,0,84,693,21,118,110,147,42,1,6,5,11,2,0,0,1,1,0,0,0,3573,38,0,0,1,0,0,0,0,1,0,0,0,0
34853,1,1,75,9,3,15,2,3,2,2,2,0,3,6,0,0,0,0,0,0,0,3569,50,2,0,1,0,0,0,0,0,1,0,0,0
70844,1,1,16,129,26,67,3,67,2,5,6,1,5,7,0,0,0,0,0,0,0,3623,56,2,0,1,0,0,0,1,0,0,0,0,0
31086,1,1,79,16,2,11,3,0,16,2,1,1,2,8,1,0,0,0,0,0,0,3802,44,2,0,0,0,0,0,0,1,0,0,0,0
60544,1,1,92,201,2,43,3,5,35,4,5,1,5,6,0,0,0,0,0,0,0,4054,62,2,0,1,0,0,0,0,1,0,0,0,0
20491,0,0,16,5,4,5,4,2,10,1,0,1,2,7,0,0,0,0,0,0,0,3901,37,0,0,0,0,0,0,0,0,0,1,0,0
42523,0,0,96,14,36,11,3,26,35,1,1,1,4,2,0,0,0,0,0,0,0,3448,59,0,0,1,0,0,0,0,1,0,0,0,0
39922,1,0,30,29,12,59,19,1,36,2,3,0,4,8,0,0,0,0,0,0,0,3881,40,1,0,1,0,0,0,0,1,0,0,0,0
33402,1,1,60,26,2,19,10,5,8,3,2,1,3,8,0,0,0,0,0,0,0,3727,71,2,0,1,0,0,0,0,0,0,1,0,0
36408,1,1,11,9,1,4,3,2,3,1,1,0,2,6,0,0,0,0,0,0,0,3662,74,2,0,0,1,0,0,0,1,0,0,0,0
21645,1,0,75,14,0,23,4,5,19,3,3,0,3,9,0,0,0,0,0,0,1,4045,44,1,0,1,0,0,0,0,0,0,1,0,0
78427,0,0,36,972,19,595,180,26,138,3,3,7,10,3,0,0,0,1,0,0,1,3994,75,0,0,0,1,0,0,0,0,0,0,1,0
82657,0,0,71,966,168,672,246,105,126,1,7,5,10,4,0,1,0,1,0,0,0,3656,77,0,0,1,0,0,0,0,0,0,1,0,0
51876,0,0,88,99,27,102,28,48,6,1,2,2,8,1,0,0,0,0,0,0,0,3638,65,0,0,1,0,0,0,0,1,0,0,0,0
78041,0,0,93,482,35,553,72,160,17,1,4,4,9,2,0,0,0,0,0,0,0,3941,52,0,0,0,0,0,0,0,1,0,0,0,0
52852,0,1,93,714,8,99,11,0,47,4,10,7,5,8,1,0,0,0,0,0,0,3956,66,1,0,1,0,0,0,0,1,0,0,0,0
70038,0,0,54,587,54,348,71,54,130,1,4,4,8,2,0,0,0,0,0,0,0,3628,41,0,0,0,0,1,0,0,0,0,1,0,0
69401,0,1,41,399,27,159,58,8,39,4,4,4,5,2,0,0,0,0,0,0,0,3479,50,1,0,0,0,0,0,0,0,0,1,0,0
46053,1,0,46,56,10,92,19,7,25,3,3,2,4,5,0,0,0,0,0,0,0,3878,51,1,0,1,0,0,0,0,0,0,1,0,0
77343,0,0,28,227,151,573,98,54,31,1,3,4,9,1,0,0,0,0,0,0,0,3401,58,0,0,1,0,0,0,0,1,0,0,0,0
73892,0,0,40,703,102,601,0,58,43,1,3,11,8,1,0,0,0,0,0,0,1,3609,70,0,0,1,0,0,0,0,0,1,0,0,0
40304,1,0,82,37,0,17,0,0,3,1,2,0,3,7,0,0,0,0,0,0,0,3653,56,1,0,0,0,1,0,0,0,1,0,0,0
32727,0,0,38,167,13,180,86,13,70,2,7,3,5,8,0,0,0,0,0,0,0,4051,58,0,0,0,0,1,0,0,0,0,1,0,0
68695,0,0,3,458,81,356,106,50,40,1,4,4,7,2,0,0,0,0,0,0,0,3385,54,0,0,1,0,0,0,0,0,0,1,0,0
43300,0,1,87,91,3,52,2,1,31,3,4,0,4,8,0,0,0,0,0,0,1,4005,52,1,0,1,0,0,0,1,0,0,0,0,0
26290,1,1,49,15,8,16,11,5,22,4,2,0,4,6,0,0,0,0,0,0,0,3914,51,2,0,1,0,0,0,0,0,0,1,0,0
93790,0,0,16,1302,68,731,89,114,45,0,6,7,12,2,0,1,1,1,0,0,1,3518,53,0,0,1,0,0,0,0,0,1,0,0,0
38410,0,0,65,153,64,123,116,64,14,2,5,2,9,6,0,0,0,0,0,0,1,4034,49,0,0,0,0,1,0,0,1,0,0,0,0
64866,0,1,9,508,5,21,7,5,10,4,7,3,7,5,0,1,0,0,0,0,0,3535,73,1,0,0,1,0,0,0,0,0,0,1,0
57957,0,1,24,290,59,177,77,5,29,7,4,6,8,3,0,0,0,0,0,1,0,3695,64,1,0,1,0,0,0,0,0,0,1,0,0
46015,1,1,25,38,0,2,0,0,6,1,1,0,3,7,1,0,0,0,1,0,0,3458,68,2,0,0,0,1,0,0,0,0,1,0,0
16531,1,0,43,2,13,6,7,5,11,3,3,0,3,7,0,0,0,0,0,0,0,3392,45,1,0,1,0,0,0,0,0,0,1,0,0
28072,1,0,10,30,0,10,2,0,5,1,1,0,3,7,0,0,0,0,0,0,0,3737,37,1,0,0,1,0,0,0,1,0,0,0,0
49476,0,1,29,386,23,95,54,41,196,4,2,11,5,2,0,0,0,0,0,0,0,3755,60,1,0,0,1,0,0,1,0,0,0,0,0
50725,0,1,45,443,10,75,0,10,48,4,8,1,8,8,0,0,0,0,0,0,0,3882,70,1,0,1,0,0,0,0,1,0,0,0,0
83844,0,0,57,901,31,345,75,31,191,1,4,4,11,1,0,0,1,0,0,0,0,3794,71,0,0,1,0,0,0,0,0,0,1,0,0
41145,1,1,20,9,0,3,0,0,1,1,0,0,3,3,0,0,0,0,0,0,0,3522,73,2,0,0,0,1,0,0,1,0,0,0,0
67419,0,1,29,846,84,352,91,56,42,4,9,4,8,5,0,0,0,0,0,0,0,3910,53,1,0,1,0,0,0,0,0,0,1,0,0
23162,1,1,82,8,3,9,19,4,22,3,1,1,3,6,0,0,0,0,0,0,0,3571,53,2,0,0,0,0,0,0,1,0,0,0,0
34380,1,0,68,72,7,58,13,1,24,4,4,1,3,8,0,0,0,0,0,0,0,3804,46,1,0,1,0,0,0,0,1,0,0,0,0
34704,0,1,65,29,0,5,0,1,5,1,1,0,3,5,0,0,0,0,0,0,0,3809,57,1,0,1,0,0,0,0,0,1,0,0,0
94871,0,2,99,169,24,553,188,0,144,1,8,5,4,7,0,1,1,0,0,0,1,4047,54,2,0,0,0,1,0,0,1,0,0,0,0
65148,0,1,9,460,35,422,33,12,153,2,6,6,7,4,0,0,0,0,0,0,0,3971,65,1,0,1,0,0,0,0,1,0,0,0,0
39898,0,1,20,69,8,26,12,7,12,2,3,0,4,7,0,0,0,0,0,0,0,3883,69,1,0,1,0,0,0,0,0,0,1,0,0
64857,0,0,78,556,14,717,210,0,43,1,7,5,10,4,0,0,0,0,0,0,0,3964,67,0,0,0,1,0,0,0,0,1,0,0,0
59892,0,1,26,73,0,13,0,1,0,1,2,1,3,3,0,0,0,0,0,0,0,3620,53,1,0,0,0,1,0,0,1,0,0,0,0
41020,0,0,68,112,1,54,7,7,36,1,3,2,4,3,0,0,0,0,0,0,0,3625,36,0,0,0,1,0,0,0,0,1,0,0,0
57072,0,1,79,944,0,60,0,0,30,2,7,5,13,5,1,0,0,0,0,0,0,3537,62,1,0,0,0,1,0,0,1,0,0,0,0
60474,0,1,25,265,199,303,234,9,170,7,10,2,12,7,0,0,0,0,0,0,0,3835,44,1,0,1,0,0,0,0,0,1,0,0,0
62807,0,1,83,526,28,135,10,21,99,3,5,3,12,5,0,0,0,0,0,0,0,4048,63,1,0,1,0,0,0,0,0,0,1,0,0
19414,1,0,32,2,3,12,3,5,7,1,1,0,3,8,0,0,0,0,0,0,0,3637,42,1,0,0,0,0,0,0,0,0,1,0,0
19107,1,0,49,2,4,9,10,5,16,2,1,0,3,7,0,0,0,0,0,0,0,3692,43,1,0,1,0,0,0,0,1,0,0,0,0
75484,0,1,50,378,97,259,197,194,34,2,7,3,6,4,0,0,0,0,0,0,0,4077,47,1,0,0,0,0,0,0,0,0,1,0,0
70379,0,1,84,553,25,142,65,67,8,3,6,3,13,4,0,0,0,0,0,0,0,3864,47,1,0,0,1,0,0,0,0,1,0,0,0
79419,0,0,96,751,127,687,20,15,31,1,4,6,4,2,0,0,0,0,0,0,0,3388,53,0,0,0,1,0,0,0,0,0,1,0,0
64014,2,1,56,406,0,30,0,0,8,7,8,2,5,7,0,0,0,1,0,0,0,3400,77,3,0,0,0,1,0,0,0,0,1,0,0
76998,0,1,85,1449,89,161,69,35,107,2,11,8,8,6,0,0,1,0,0,0,0,3915,68,1,0,1,0,0,0,0,1,0,0,0,0
49854,1,0,63,123,17,171,39,0,30,5,6,2,5,6,0,0,0,0,0,0,0,3612,51,1,0,0,1,0,0,0,0,0,1,0,0
60585,1,1,17,267,42,309,55,42,21,10,7,4,9,5,0,0,0,0,0,0,1,3751,52,2,0,0,0,1,0,0,1,0,0,0,0
42873,1,1,11,209,0,40,3,2,15,4,6,1,4,8,0,0,0,0,0,0,0,3905,73,2,0,0,0,1,0,1,0,0,0,0,0
87679,0,0,62,1259,172,815,97,148,33,1,7,11,10,4,1,0,1,1,0,0,1,3718,35,0,0,1,0,0,0,0,0,0,1,0,0
57867,1,0,48,344,35,178,15,23,17,7,7,2,9,6,0,0,0,0,0,0,0,3652,45,1,0,1,0,0,0,0,0,0,1,0,0
35765,1,0,86,22,3,30,0,5,15,2,2,0,4,6,0,0,0,0,0,0,0,3581,33,1,0,1,0,0,0,0,1,0,0,0,0
65492,0,0,73,247,161,295,210,85,47,2,4,7,13,2,0,0,0,0,0,0,0,3535,64,0,0,1,0,0,0,0,1,0,0,0,0
32952,1,0,36,38,0,12,3,1,1,1,2,0,3,7,0,0,0,0,0,0,0,3591,46,1,0,1,0,0,0,1,0,0,0,0,0
53374,0,1,34,896,10,101,13,10,34,6,4,2,9,9,1,0,0,0,0,0,1,4063,54,1,0,0,0,1,0,0,0,0,1,0,0
71706,0,1,16,931,56,253,91,98,14,4,9,5,7,5,0,0,0,0,0,0,0,3974,64,1,0,1,0,0,0,0,0,0,1,0,0
68487,0,0,48,758,12,385,33,89,89,1,9,7,13,4,0,0,0,0,0,0,0,3913,35,0,0,1,0,0,0,0,1,0,0,0,0
53253,1,1,61,216,9,57,20,9,125,7,4,3,5,5,0,0,0,0,0,0,0,3884,48,2,0,0,1,0,0,0,0,0,1,0,0
31163,1,0,54,2,3,10,11,2,10,1,1,0,3,6,0,0,0,0,0,0,0,3517,50,1,0,0,0,0,0,1,0,0,0,0,0
42014,1,0,56,244,15,108,4,15,50,6,7,1,6,8,0,0,0,0,0,0,1,4062,46,1,0,1,0,0,0,0,1,0,0,0,0
54108,1,1,74,539,6,91,8,6,97,13,8,2,9,8,0,0,0,0,0,0,0,3982,50,2,0,0,1,0,0,0,1,0,0,0,0
49667,0,0,35,1181,26,120,17,13,39,2,5,10,5,8,1,0,0,0,0,0,1,4059,68,0,0,0,0,1,0,0,0,1,0,0,0
63206,0,0,65,750,8,125,11,8,26,1,4,3,6,2,0,0,1,0,0,0,0,3482,49,0,0,0,1,0,0,0,1,0,0,0,0
57136,1,1,48,306,5,109,21,109,92,9,5,2,10,6,0,0,0,0,0,0,0,3736,51,2,0,0,1,0,0,0,1,0,0,0,0
46772,0,1,88,350,104,189,197,151,57,6,11,8,5,8,1,0,0,0,0,0,0,3980,48,1,0,0,0,0,0,0,0,0,1,0,0
78931,0,0,19,331,197,170,58,152,35,1,2,8,13,1,0,0,0,0,0,0,0,3628,52,0,0,0,0,1,0,0,1,0,0,0,0
53977,0,1,21,620,16,165,0,24,82,5,5,5,12,5,0,0,0,0,0,0,0,3767,65,1,0,1,0,0,0,0,0,0,1,0,0
84219,0,0,27,434,137,400,45,137,45,1,3,4,10,1,0,0,0,0,0,0,0,3528,35,0,0,1,0,0,0,0,1,0,0,0,0
46098,1,1,86,57,0,27,0,0,36,4,3,2,2,8,0,0,0,0,0,0,0,4061,48,2,0,0,1,0,0,0,0,1,0,0,0
73538,0,1,92,811,76,428,99,137,107,3,10,4,9,7,0,0,0,0,0,0,0,3962,58,1,0,1,0,0,0,0,1,0,0,0,0
79529,0,0,1,423,42,706,73,197,197,1,4,8,9,2,0,0,0,0,0,0,0,3444,37,0,0,1,0,0,0,0,1,0,0,0,0
20981,0,0,14,2,12,10,6,13,30,1,3,1,2,8,0,0,0,0,0,0,1,3806,46,0,0,0,0,0,0,0,0,0,1,0,0
51766,1,0,74,60,51,87,6,20,51,2,4,2,4,5,0,0,0,0,0,0,0,3491,43,1,0,1,0,0,0,0,0,1,0,0,0
55759,0,1,84,675,0,85,10,7,77,5,10,3,8,8,0,0,0,0,0,0,0,3959,61,1,0,1,0,0,0,0,1,0,0,0,0
33039,1,0,4,30,8,12,8,8,12,1,2,0,4,5,0,0,0,0,0,0,0,3674,45,1,0,1,0,0,0,0,1,0,0,0,0
37787,1,0,50,40,1,40,4,3,18,1,3,0,3,8,0,0,0,0,0,0,0,3663,51,1,0,0,1,0,0,0,1,0,0,0,0
27242,1,0,2,3,17,26,20,1,39,2,2,0,3,9,0,0,0,0,0,0,1,3976,53,1,0,1,0,0,0,0,0,1,0,0,0
87188,0,0,73,910,111,724,49,74,55,1,10,2,6,3,0,0,0,0,0,0,1,3772,40,0,0,0,0,1,0,0,0,1,0,0,0
69930,0,0,21,252,98,827,219,70,196,1,4,5,12,3,0,0,0,0,0,0,0,3780,52,0,0,1,0,0,0,0,0,0,1,0,0
37697,1,0,82,34,6,21,11,4,8,1,2,1,3,6,0,0,0,0,0,0,0,3523,47,1,0,1,0,0,0,0,0,1,0,0,0
37401,1,0,14,19,3,19,3,1,3,2,2,0,3,7,0,0,0,0,0,0,0,3435,50,1,0,0,0,1,0,0,1,0,0,0,0
3502,1,0,56,2,1,1,0,0,1,0,0,0,0,14,0,0,0,0,0,0,0,3823,50,1,0,1,0,0,0,0,0,1,0,0,0
58597,1,1,20,490,0,184,10,28,21,12,7,4,9,7,0,0,0,0,0,0,0,3967,47,2,0,1,0,0,0,0,1,0,0,0,0
82032,0,0,54,332,194,377,149,125,57,0,4,6,7,1,0,0,0,0,0,0,0,3466,75,0,0,0,0,1,0,0,0,0,0,1,0
28087,1,1,77,53,8,17,13,0,21,3,2,2,2,7,0,0,0,0,0,0,0,3946,65,2,0,1,0,0,0,0,0,0,1,0,0
74004,0,0,5,784,48,560,42,176,48,1,4,6,4,3,0,0,1,1,0,0,1,3506,36,0,0,0,0,1,0,0,0,1,0,0,0
19740,0,1,65,7,11,3,10,4,20,2,1,1,3,5,0,0,0,0,0,0,0,3843,63,1,0,1,0,0,0,0,0,0,1,0,0
57036,0,1,33,1171,43,219,19,14,47,4,6,3,13,9,1,0,0,0,0,0,0,3946,48,1,0,0,0,0,0,0,1,0,0,0,0
53083,1,1,65,215,7,33,3,0,13,6,5,1,5,7,0,1,0,0,0,0,0,3791,65,2,0,0,0,0,0,0,0,0,1,0,0
69283,0,1,41,674,62,134,0,26,8,4,7,3,13,5,0,0,0,0,0,0,0,3396,48,1,0,0,0,1,0,0,1,0,0,0,0
46098,1,1,86,57,0,27,0,0,36,4,3,2,2,8,0,0,0,0,0,0,1,4061,48,2,0,0,1,0,0,0,0,1,0,0,0
23331,1,0,92,5,36,7,0,10,45,2,3,0,3,8,0,0,0,0,0,0,0,4044,35,1,0,0,0,0,0,0,1,0,0,0,0
23331,1,0,97,104,20,101,24,15,5,6,5,1,5,9,0,0,0,0,0,0,0,4013,35,1,0,0,0,0,0,0,0,1,0,0,0
9255,1,0,91,9,0,7,2,0,4,1,1,1,2,8,0,0,0,0,0,0,0,3572,34,1,0,1,0,0,0,0,0,1,0,0,0
67786,0,0,0,431,82,441,80,20,102,1,3,6,6,1,0,0,0,0,0,0,1,3585,64,0,0,0,0,1,0,0,0,0,0,1,0
71969,0,1,59,1000,0,76,0,0,10,3,3,4,9,8,0,1,0,0,0,0,0,4002,52,1,0,0,0,1,0,0,1,0,0,0,0
59235,1,0,4,448,40,469,80,0,91,3,11,2,12,7,0,0,0,0,0,0,0,3914,56,1,0,0,1,0,0,0,0,1,0,0,0
31928,1,0,5,33,4,24,4,2,5,2,3,0,4,7,0,0,0,0,0,0,0,3474,34,1,0,1,0,0,0,0,0,0,1,0,0
74881,1,1,48,505,72,270,36,27,54,4,9,2,12,5,0,0,0,0,0,0,0,3859,62,2,0,0,1,0,0,0,0,0,1,0,0
65819,0,0,99,267,38,701,149,165,63,1,5,4,10,3,0,0,0,0,0,0,0,3958,45,0,0,1,0,0,0,0,1,0,0,0,0
51411,1,2,81,14,0,3,0,0,1,1,0,0,3,5,0,0,0,0,0,0,0,3780,70,3,0,0,0,1,0,0,0,1,0,0,0
51983,0,1,95,631,0,115,10,7,30,3,9,2,10,7,0,0,0,0,0,0,0,4048,59,1,0,1,0,0,0,1,0,0,0,0,0
42386,1,0,43,65,4,16,0,4,11,1,3,0,3,8,0,0,0,0,0,0,0,3913,37,1,0,0,1,0,0,0,0,0,1,0,0
30390,0,0,5,10,12,12,25,1,20,1,2,0,3,6,0,0,0,0,0,0,0,3681,36,0,0,0,0,0,0,0,1,0,0,0,0
30983,0,0,50,51,4,50,12,1,49,1,4,0,3,8,0,0,0,0,0,0,1,3978,60,0,0,1,0,0,0,0,0,1,0,0,0
66033,0,1,76,293,35,179,46,59,65,2,8,3,7,7,0,0,0,0,0,0,0,3906,66,1,0,1,0,0,0,0,0,0,0,1,0
37284,1,1,46,11,1,2,2,1,6,1,0,0,3,6,0,0,0,0,0,0,0,3838,48,2,0,0,0,0,0,0,1,0,0,0,0
57530,0,1,68,50,1,27,6,7,1,1,1,1,4,1,0,0,0,0,0,0,0,3641,72,1,0,0,1,0,0,1,0,0,0,0,0
76800,0,0,33,173,26,255,35,71,81,1,4,4,7,1,0,0,0,0,0,0,0,3494,58,0,0,0,0,0,0,0,1,0,0,0,0
63943,0,1,50,423,184,368,13,97,21,1,6,4,6,5,0,0,0,0,0,0,0,4046,67,1,0,1,0,0,0,0,1,0,0,0,0
76081,0,0,85,292,30,415,63,33,200,1,4,5,4,2,0,0,0,1,0,0,0,3418,61,0,0,1,0,0,0,0,0,0,1,0,0
67445,0,1,63,757,80,217,29,80,11,5,9,6,12,6,0,0,0,0,0,0,0,4067,49,1,0,1,0,0,0,0,1,0,0,0,0
37054,1,1,89,12,1,6,0,1,5,2,1,0,3,7,0,0,0,0,0,0,0,3668,56,2,0,0,1,0,0,0,1,0,0,0,0
47175,1,1,81,167,2,44,6,2,19,7,4,2,4,8,1,0,0,0,0,0,1,3990,61,2,0,0,1,0,0,0,0,0,1,0,0
31859,1,0,77,3,1,3,8,0,5,1,1,0,2,7,0,0,0,0,0,0,0,3761,47,1,0,1,0,0,0,1,0,0,0,0,0
27215,2,1,50,30,5,22,8,9,28,4,2,1,4,6,0,0,0,0,0,0,0,3903,62,3,0,1,0,0,0,1,0,0,0,0,0
70179,0,1,10,532,88,168,69,44,133,3,7,3,13,5,0,0,0,0,0,0,0,3724,47,1,0,0,0,1,0,1,0,0,0,0,0
39922,1,0,30,29,12,59,19,1,36,2,3,0,4,8,0,0,0,0,0,0,0,3881,40,1,0,1,0,0,0,0,1,0,0,0,0
49681,0,2,66,411,0,26,0,0,21,6,7,1,7,7,0,0,0,0,0,0,0,3618,47,2,0,0,1,0,0,0,1,0,0,0,0
24645,1,0,16,5,3,4,4,1,0,1,1,0,2,8,0,0,0,0,0,0,0,3986,35,1,0,1,0,0,0,0,1,0,0,0,0
79865,0,1,12,71,99,278,185,121,38,1,5,10,5,1,0,0,0,0,0,0,0,3392,69,1,0,1,0,0,0,1,0,0,0,0,0
44322,1,0,30,46,0,40,3,0,3,2,3,0,3,8,0,0,0,0,0,0,0,3394,38,1,0,1,0,0,0,0,1,0,0,0,0
47958,0,1,8,268,11,88,15,3,22,2,6,3,5,5,0,0,0,0,0,0,0,3907,71,1,0,1,0,0,0,0,0,1,0,0,0
63972,0,1,93,928,63,254,0,12,12,4,5,4,10,4,0,1,0,0,0,0,0,3955,59,1,0,0,1,0,0,0,0,1,0,0,0
75315,0,1,14,459,15,171,142,23,31,2,5,4,12,2,0,0,0,0,0,0,0,3456,69,1,0,1,0,0,0,0,0,0,1,0,0
55517,1,1,53,483,0,108,0,6,36,5,11,1,6,9,0,0,0,0,0,0,1,4021,73,2,0,0,0,1,0,0,1,0,0,0,0
75283,1,2,26,733,9,180,12,19,66,11,6,3,5,4,0,0,0,0,0,0,0,3840,66,3,0,0,0,1,0,0,1,0,0,0,0
82800,0,0,23,1006,22,115,59,68,45,1,7,6,12,3,0,0,1,1,0,0,1,3963,77,0,0,0,0,1,0,0,0,1,0,0,0
38998,1,1,92,34,1,14,0,0,5,3,2,0,3,8,0,0,0,0,0,1,0,3984,69,2,0,1,0,0,0,0,1,0,0,0,0
90638,0,0,29,1156,120,915,94,144,96,1,3,4,10,1,0,0,1,0,0,0,1,3517,32,0,0,0,1,0,0,0,0,1,0,0,0
27161,1,0,41,7,4,23,7,0,11,1,1,0,3,7,0,0,0,0,0,0,0,3625,37,1,0,0,1,0,0,0,1,0,0,0,0
42014,1,0,56,244,15,108,4,15,50,6,7,1,6,8,0,0,0,0,0,0,1,4062,46,1,0,1,0,0,0,0,1,0,0,0,0
38201,0,1,19,233,0,23,0,0,12,4,5,1,5,8,0,0,0,0,0,0,0,3838,63,1,0,0,0,1,0,0,0,0,1,0,0
45203,2,0,4,35,3,67,10,8,24,1,3,1,3,6,0,0,0,0,0,0,1,3479,41,2,0,1,0,0,0,0,0,0,1,0,0
81574,0,0,89,1252,0,465,46,35,0,1,4,5,8,1,0,1,1,0,0,0,0,3443,76,0,0,0,0,1,0,0,0,0,1,0,0
34935,0,0,71,34,4,66,3,10,20,1,2,1,4,7,0,0,0,0,0,0,0,3754,31,0,0,1,0,0,0,0,1,0,0,0,0
60482,0,1,81,255,43,134,37,14,24,1,7,2,7,7,0,0,0,0,0,0,0,3903,47,1,0,0,1,0,0,0,0,1,0,0,0
34633,2,1,31,8,1,5,0,0,1,1,1,0,2,6,0,0,0,0,0,0,0,3538,67,3,0,1,0,0,0,0,0,0,1,0,0
78093,0,0,53,368,32,639,13,43,10,1,4,7,5,1,0,0,0,0,0,0,0,3581,76,0,0,0,1,0,0,0,0,0,1,0,0
82460,0,0,78,255,47,573,52,32,15,1,5,3,6,1,0,0,0,0,0,0,0,3590,73,0,0,1,0,0,0,1,0,0,0,0,0
45903,0,1,80,33,8,10,2,10,3,2,2,1,3,4,0,0,0,0,0,0,0,3448,57,1,0,0,1,0,0,0,0,0,1,0,0
81361,0,0,18,163,23,424,27,65,76,1,3,10,13,1,0,0,0,0,0,0,1,3505,36,0,0,1,0,0,0,1,0,0,0,0,0
35860,1,1,37,15,0,8,4,2,20,2,1,1,2,5,1,0,0,0,0,0,1,3422,50,2,0,0,0,1,0,1,0,0,0,0,0
40442,1,1,52,45,12,52,25,22,13,4,3,1,4,7,0,0,0,0,0,0,1,4060,71,2,0,0,1,0,0,0,0,0,1,0,0
61482,0,0,39,48,58,68,16,66,43,1,3,2,6,2,0,0,0,0,0,0,0,3383,58,0,0,1,0,0,0,0,1,0,0,0,0
34968,1,0,11,158,6,45,8,2,2,7,3,2,5,7,0,0,0,0,0,0,0,3826,43,1,0,1,0,0,0,0,1,0,0,0,0
75794,0,0,33,754,160,625,63,32,48,1,7,5,12,3,0,0,0,1,0,0,0,3568,36,0,0,1,0,0,0,0,1,0,0,0,0
31497,0,1,22,108,1,28,13,1,4,2,3,1,4,8,0,0,0,0,0,0,0,3951,61,1,0,0,0,1,0,0,0,0,1,0,0
74268,0,0,83,199,66,315,97,174,41,1,4,3,5,2,0,0,0,0,0,0,0,3881,68,0,0,1,0,0,0,0,1,0,0,0,0
13724,1,0,43,2,7,5,2,15,27,1,2,0,2,9,1,0,0,0,0,0,0,4048,35,1,1,0,0,0,0,0,0,0,1,0,0
45143,0,1,74,202,5,74,11,5,14,3,6,1,5,7,0,0,0,0,0,0,0,3688,58,1,0,0,1,0,0,0,0,0,1,0,0
52569,0,1,54,85,0,3,0,0,7,1,2,0,4,3,0,0,0,0,0,0,0,3466,56,1,0,0,0,1,0,0,0,1,0,0,0
48432,0,1,3,322,3,50,4,3,42,5,7,1,6,8,0,0,0,0,0,0,1,4000,50,1,0,0,0,1,0,0,0,1,0,0,0
17144,1,1,96,18,2,19,0,2,6,5,3,0,4,7,0,0,0,0,0,0,0,3515,63,2,0,0,1,0,0,0,0,0,1,0,0
36108,1,0,68,141,8,129,3,11,47,3,7,1,4,9,1,0,0,0,0,0,0,3638,39,1,0,1,0,0,0,0,0,1,0,0,0
76445,1,0,2,739,107,309,140,80,35,1,2,5,13,6,0,0,0,0,0,0,0,4020,52,1,0,1,0,0,0,0,1,0,0,0,0
36663,1,0,40,18,0,6,3,3,5,1,1,1,3,2,0,0,0,0,0,0,0,3446,48,1,0,0,0,1,0,0,1,0,0,0,0
53843,0,1,64,378,0,88,19,4,73,4,8,5,3,7,0,0,0,0,0,0,0,3748,58,1,0,0,1,0,0,0,1,0,0,0,0
90226,0,0,26,1083,108,649,253,151,108,1,4,7,12,2,0,0,0,1,0,0,0,4022,67,0,0,0,1,0,0,0,1,0,0,0,0
70638,0,0,69,1016,12,215,16,12,63,1,4,5,10,3,0,1,0,0,0,0,0,3774,68,0,0,0,1,0,0,1,0,0,0,0,0
44512,1,1,57,23,1,6,0,0,2,2,1,0,3,4,0,0,0,0,0,0,0,3684,63,2,0,1,0,0,0,0,0,0,1,0,0
27116,1,1,78,12,1,21,2,2,3,2,2,0,3,7,0,0,0,0,0,0,0,3500,62,2,0,1,0,0,0,0,1,0,0,0,0
54072,1,1,71,35,0,4,0,0,0,1,2,0,2,8,0,0,0,0,0,0,0,3718,60,2,0,0,0,1,0,0,1,0,0,0,0
71855,0,1,59,548,31,422,0,112,28,4,5,5,11,3,0,0,0,0,0,0,0,3910,46,1,0,1,0,0,0,0,1,0,0,0,0
51250,1,0,28,342,32,230,34,32,40,5,10,5,4,9,1,0,0,0,0,0,0,3837,33,1,0,0,0,0,0,0,0,1,0,0,0
60432,0,1,61,365,3,15,4,3,11,5,7,2,5,6,0,0,0,0,0,0,0,3493,50,1,0,0,1,0,0,0,1,0,0,0,0
65526,0,1,22,397,19,69,12,0,9,1,4,4,8,2,0,0,0,0,0,0,0,3460,59,1,0,0,0,1,0,0,1,0,0,0,0
68655,0,0,95,456,19,832,75,118,38,1,4,5,11,3,0,0,0,0,0,0,0,4069,35,0,0,1,0,0,0,0,0,1,0,0,0
12393,0,0,38,5,6,15,11,7,13,1,2,0,3,9,0,0,0,0,0,0,0,3953,45,0,0,0,0,0,0,0,1,0,0,0,0
64509,0,0,19,836,185,575,24,25,77,1,6,3,9,4,1,0,0,0,0,0,1,3697,33,0,0,1,0,0,0,0,0,1,0,0,0
33955,1,0,92,100,2,128,23,7,10,4,5,1,5,8,0,0,0,0,0,0,0,3705,48,1,0,1,0,0,0,0,0,1,0,0,0
31353,1,1,24,10,0,10,3,1,7,2,1,1,2,8,0,0,0,0,0,0,1,3563,46,2,0,1,0,0,0,0,1,0,0,0,0
55434,1,0,21,238,115,215,169,69,76,3,5,3,13,4,0,0,0,0,0,0,0,3648,39,1,0,1,0,0,0,0,1,0,0,0,0
28359,1,0,35,6,0,5,2,1,2,1,1,0,2,7,0,0,0,0,0,0,0,3626,40,1,0,1,0,0,0,0,0,0,1,0,0
57100,1,0,9,158,11,99,15,11,17,2,3,2,7,3,0,0,0,0,0,0,0,3423,36,1,0,1,0,0,0,0,0,1,0,0,0
69139,0,1,23,86,12,75,33,15,6,1,4,1,5,4,0,0,0,0,0,0,0,3534,58,1,0,1,0,0,0,0,1,0,0,0,0
52973,0,1,92,856,0,76,12,9,199,7,9,6,9,8,0,0,0,0,0,0,0,3979,67,1,0,0,1,0,0,0,1,0,0,0,0
51717,0,1,55,98,1,17,0,1,5,1,3,0,4,7,0,1,0,0,0,0,0,3694,58,1,0,0,0,1,0,0,0,0,1,0,0
18793,1,0,14,4,16,20,0,17,20,3,2,0,4,8,0,0,0,0,0,0,0,3914,52,1,0,1,0,0,0,0,1,0,0,0,0
66664,0,0,78,398,96,447,220,96,32,1,5,7,6,3,0,0,0,0,0,0,0,4023,41,0,0,0,0,0,0,0,0,0,1,0,0
50664,1,1,64,313,8,104,6,4,126,9,8,1,6,9,0,0,0,0,0,0,0,3910,64,2,0,1,0,0,0,0,0,1,0,0,0
54414,1,1,49,109,18,16,24,26,18,4,3,1,5,4,0,0,0,0,0,0,0,3903,60,2,0,1,0,0,0,0,0,0,1,0,0
54549,0,1,8,216,2,6,0,0,9,2,5,1,4,7,0,0,0,0,0,0,0,3499,71,1,0,0,0,1,0,0,1,0,0,0,0
47111,0,1,35,595,71,153,120,112,41,6,3,2,10,9,0,0,0,0,0,0,0,4040,52,1,0,0,0,1,0,0,0,0,0,1,0
41003,0,0,11,123,133,142,71,44,88,1,6,2,8,6,0,0,0,0,0,0,0,3850,60,0,0,0,0,1,0,1,0,0,0,0,0
19444,1,0,8,16,0,23,3,2,10,3,4,1,2,7,0,0,0,0,0,0,1,3508,41,1,0,1,0,0,0,0,0,0,1,0,0
36301,1,0,53,11,12,35,3,5,12,1,3,0,3,7,0,0,0,0,0,0,0,3628,47,1,0,0,0,0,0,0,0,0,1,0,0
73059,0,1,36,410,112,420,0,82,71,1,9,3,13,4,0,0,0,0,0,0,0,3683,76,1,0,0,0,1,0,0,0,0,1,0,0
42731,1,0,64,159,2,51,6,2,24,3,4,1,5,5,0,0,0,0,0,0,0,3632,54,1,0,0,0,1,0,0,0,0,1,0,0
52854,1,1,43,105,0,10,0,1,0,2,2,1,4,5,0,0,0,0,0,0,0,3478,64,2,0,0,0,1,0,0,1,0,0,0,0
22775,1,0,40,5,1,8,0,0,1,1,1,0,2,8,0,0,0,0,0,0,0,3756,45,1,0,1,0,0,0,0,0,0,1,0,0
46681,0,2,52,269,15,69,15,19,38,2,4,6,4,5,0,0,0,0,0,0,0,3645,75,2,0,0,0,1,0,0,0,0,1,0,0
59821,0,1,11,629,0,70,0,0,35,6,11,2,7,8,0,0,0,0,0,0,0,3824,68,1,0,0,0,1,0,0,1,0,0,0,0
50002,0,1,21,443,5,71,21,16,82,2,8,2,7,7,0,0,0,0,0,0,0,3758,69,1,0,1,0,0,0,1,0,0,0,0,0
69755,0,0,23,217,77,373,111,23,93,1,3,6,12,1,0,0,0,0,0,0,0,3651,78,0,0,1,0,0,0,0,1,0,0,0,0
44078,1,1,17,24,1,10,2,0,4,2,2,0,3,5,0,0,0,0,0,0,0,3391,54,2,0,1,0,0,0,0,1,0,0,0,0
30560,1,0,6,9,1,5,4,5,7,1,1,0,3,7,0,0,0,0,0,0,0,3748,47,1,0,0,1,0,0,0,0,0,1,0,0
35924,1,1,56,8,0,14,2,3,7,1,1,0,3,5,0,0,0,0,0,0,0,3479,54,2,0,0,1,0,0,0,0,0,1,0,0
64140,0,2,71,1459,0,61,0,15,215,5,2,5,6,5,1,0,1,0,1,0,1,3660,59,2,0,0,0,1,0,1,0,0,0,0,0
56386,1,1,51,230,48,214,13,32,75,8,9,1,7,9,0,0,0,0,0,0,0,3991,42,2,0,1,0,0,0,0,0,0,1,0,0
24594,1,0,94,1,3,6,10,0,9,1,1,0,3,5,0,0,0,0,0,0,0,3582,44,1,1,0,0,0,0,0,0,0,1,0,0
75774,1,0,27,340,21,134,258,14,56,1,7,5,8,4,0,0,0,0,0,0,0,3439,42,1,0,0,0,0,0,0,0,0,1,0,0
39228,0,0,1,7,1,6,0,3,3,1,0,0,3,4,0,0,0,0,0,0,0,3796,63,0,0,0,1,0,0,1,0,0,0,0,0
58494,0,1,56,298,7,68,4,0,19,2,6,2,6,6,0,0,0,0,0,0,0,3580,49,1,0,0,1,0,0,0,1,0,0,0,0
58684,0,0,71,479,35,179,28,7,85,1,5,3,12,2,0,1,0,0,0,0,0,3394,42,0,0,1,0,0,0,0,0,1,0,0,0
57136,0,0,18,267,140,599,34,12,127,1,7,5,7,6,0,0,0,0,0,0,1,3788,56,0,0,1,0,0,0,1,0,0,0,0,0
56551,1,1,48,67,4,32,17,2,16,3,2,1,4,4,0,0,0,0,0,0,0,3434,73,2,0,0,0,1,0,0,0,0,0,1,0
22448,1,0,86,3,1,8,23,2,18,3,2,1,3,3,0,0,0,0,0,0,0,3504,41,1,0,1,0,0,0,0,1,0,0,0,0
82014,0,0,48,980,37,265,35,163,31,1,3,6,12,6,0,0,0,0,0,0,1,4059,62,0,0,1,0,0,0,0,0,1,0,0,0
34213,1,1,2,50,4,28,6,3,26,3,3,1,2,9,0,0,0,0,0,0,1,4041,60,2,0,1,0,0,0,0,0,0,0,1,0
157146,0,0,13,1,0,1725,2,1,1,0,0,28,0,1,0,0,0,0,0,0,0,3807,46,0,0,1,0,0,0,0,0,0,1,0,0
25358,0,1,57,19,0,5,0,0,8,2,1,0,3,6,0,0,0,0,0,0,0,3723,76,1,0,0,0,1,0,0,0,0,0,1,0
35544,1,0,77,30,5,23,4,1,4,1,2,0,3,7,0,0,0,0,0,0,0,3494,45,1,0,0,1,0,0,0,0,1,0,0,0
36634,0,1,0,213,9,76,4,3,30,3,5,2,5,7,0,0,0,0,0,0,0,3778,69,1,0,0,1,0,0,0,0,0,1,0,0
62670,0,1,57,539,30,92,80,46,38,1,5,3,13,3,0,0,0,0,0,0,0,3528,69,1,0,0,0,1,0,0,1,0,0,0,0
50334,0,1,24,284,16,160,84,16,134,6,7,4,6,6,0,0,0,0,0,0,0,3721,51,1,0,0,0,0,0,0,0,0,1,0,0
72066,0,0,55,1003,34,536,134,51,34,1,4,6,6,2,0,0,1,1,0,0,1,3387,42,0,0,1,0,0,0,0,0,1,0,0,0
50729,1,1,62,239,13,143,45,4,52,9,6,2,7,6,0,0,0,0,0,0,0,3804,65,2,0,0,0,1,0,0,0,1,0,0,0
34916,2,0,89,51,23,82,33,0,42,4,5,1,3,9,0,0,0,0,0,0,0,3791,55,2,0,1,0,0,0,0,0,0,1,0,0
64892,0,1,77,527,24,230,32,24,65,2,6,4,12,4,0,0,0,0,0,0,0,3412,47,1,0,1,0,0,0,1,0,0,0,0,0
43602,1,1,45,19,5,12,10,3,19,3,3,1,2,6,0,0,0,0,0,0,0,3551,57,2,0,1,0,0,0,0,0,1,0,0,0
33996,0,0,46,40,2,15,8,0,6,1,1,1,3,4,0,0,0,0,0,0,0,3672,34,0,0,0,0,1,0,0,0,1,0,0,0
41473,1,0,80,21,8,20,15,3,9,1,2,0,3,7,0,0,0,0,0,0,0,3756,38,1,0,0,0,0,0,0,0,1,0,0,0
63246,0,2,60,593,30,91,29,22,7,1,6,3,12,4,0,0,0,0,0,0,0,3694,56,2,0,0,0,1,0,0,1,0,0,0,0
36732,1,1,71,21,5,3,10,1,7,3,1,1,4,2,0,0,0,0,0,0,0,3563,64,2,0,0,0,1,0,0,1,0,0,0,0
69084,1,0,43,1181,107,199,39,30,30,2,7,3,13,8,0,0,0,0,0,0,0,3603,53,1,0,0,0,1,0,0,1,0,0,0,0
77766,0,1,97,1004,59,265,115,59,27,2,11,10,11,6,1,0,0,0,0,0,1,3873,56,1,0,0,0,1,0,0,1,0,0,0,0
37929,0,0,49,202,2,46,3,2,10,2,4,2,5,7,0,1,0,1,0,0,1,3715,38,0,0,0,0,1,0,0,0,1,0,0,0
86610,0,0,66,446,107,768,33,196,53,1,5,6,6,2,0,0,0,0,0,0,0,3678,72,0,0,1,0,0,0,0,0,0,1,0,0
80141,0,0,20,1184,102,673,52,40,40,1,7,4,10,6,0,0,1,0,0,0,1,3915,37,0,0,0,1,0,0,0,1,0,0,0,0
72635,0,0,54,390,22,323,104,35,107,1,6,8,6,3,0,0,0,1,0,0,0,3772,68,0,0,0,0,0,0,0,1,0,0,0,0
69016,0,1,61,726,53,363,123,107,161,4,8,9,13,5,0,0,0,0,0,0,0,3965,53,1,0,1,0,0,0,0,1,0,0,0,0
20193,0,0,18,8,8,22,24,11,9,1,1,1,4,4,0,0,0,0,0,0,0,3959,32,0,0,0,0,0,0,0,0,0,1,0,0
27573,1,0,45,50,15,110,39,15,15,4,5,1,4,8,0,0,0,0,0,0,0,3842,48,1,0,1,0,0,0,0,1,0,0,0,0
15862,1,0,26,1,1,4,11,9,10,1,1,0,3,8,0,0,0,0,0,0,0,3748,44,1,1,0,0,0,0,0,0,1,0,0,0
49544,1,0,0,308,0,73,0,0,23,2,5,1,8,7,0,0,0,0,0,0,0,3883,47,1,0,0,0,1,0,0,1,0,0,0,0
33228,1,0,28,22,2,31,7,4,5,1,2,0,3,7,0,0,0,0,0,0,0,3538,43,1,0,1,0,0,0,0,1,0,0,0,0
70440,0,0,49,690,117,499,76,102,88,1,5,10,7,3,0,0,0,1,0,0,0,3645,45,0,0,1,0,0,0,0,0,0,1,0,0
38232,1,1,84,43,5,28,7,6,33,4,3,1,3,5,0,0,0,0,0,0,0,3544,52,2,0,1,0,0,0,0,0,0,1,0,0
22554,1,1,38,27,0,10,0,0,4,4,2,0,4,5,0,0,0,0,0,0,0,3984,68,2,0,0,0,1,0,0,1,0,0,0,0
23536,1,0,53,6,0,3,0,0,1,1,0,0,3,3,0,0,0,0,0,0,0,3406,40,1,0,0,0,1,0,0,1,0,0,0,0
49413,0,1,88,205,7,41,3,2,46,2,4,2,5,5,0,0,0,0,0,0,0,3628,71,1,0,1,0,0,0,0,1,0,0,0,0
42231,1,1,99,24,0,8,0,1,4,1,1,0,3,5,0,0,0,0,0,0,0,3477,54,2,0,1,0,0,0,0,1,0,0,0,0
78789,0,0,12,667,50,850,21,83,83,1,4,6,5,2,0,0,0,0,0,0,1,4071,43,0,0,0,1,0,0,1,0,0,0,0,0
56534,0,1,35,691,7,61,10,0,46,4,10,4,7,8,0,1,0,0,1,0,1,3722,55,1,0,1,0,0,0,0,0,0,1,0,0
58350,0,1,5,493,26,206,116,80,80,4,8,3,12,6,0,0,0,0,0,0,0,3922,52,1,0,1,0,0,0,0,0,1,0,0,0
81217,0,0,77,493,70,324,146,40,84,1,3,7,11,1,0,0,0,0,0,0,0,3726,34,0,0,1,0,0,0,0,0,1,0,0,0
49090,0,1,45,494,5,82,7,0,100,3,7,2,9,7,0,0,0,0,0,0,0,3726,72,1,0,1,0,0,0,0,0,1,0,0,0
61787,0,0,71,621,73,414,78,48,85,1,8,4,6,5,0,0,0,0,0,0,0,3739,36,0,0,0,1,0,0,1,0,0,0,0,0
18169,1,0,40,9,0,5,0,0,7,1,1,0,2,8,0,0,0,0,0,0,0,3876,38,1,0,0,0,1,0,0,1,0,0,0,0
24336,1,0,82,1,6,2,8,2,12,1,1,0,2,7,0,0,0,0,0,0,0,4052,42,1,0,0,0,0,0,0,0,1,0,0,0
18222,0,0,70,12,4,19,12,6,14,1,2,0,3,8,0,0,0,0,0,0,0,3926,33,0,0,1,0,0,0,0,1,0,0,0,0
62335,0,1,87,243,131,217,85,6,26,2,3,3,13,2,0,0,0,0,0,0,0,3783,71,1,0,1,0,0,0,1,0,0,0,0,0
42033,1,1,95,11,1,4,2,0,7,1,1,0,2,7,0,0,0,0,0,0,0,4029,52,2,0,0,0,0,0,0,0,0,1,0,0
86580,0,0,72,532,21,127,26,20,20,0,4,2,5,1,0,0,1,0,0,0,0,3868,40,0,0,0,0,1,0,0,1,0,0,0,0
41437,1,1,5,29,0,2,0,0,1,1,1,0,3,7,0,0,0,0,0,0,0,4026,66,2,0,0,0,1,0,1,0,0,0,0,0
73705,0,2,86,612,91,520,258,107,107,2,9,6,8,5,0,0,0,0,0,0,0,3497,72,2,0,0,1,0,0,0,0,0,0,1,0
61064,0,1,80,387,126,342,0,45,180,5,8,4,11,6,0,0,0,0,0,0,0,4048,47,1,0,1,0,0,0,0,1,0,0,0,0
38452,1,1,62,56,0,14,0,0,2,3,3,0,3,7,0,0,0,0,0,0,0,3472,68,2,0,0,1,0,0,0,1,0,0,0,0
18358,1,0,49,6,8,19,16,4,4,3,3,0,4,7,0,0,0,0,0,0,0,3602,34,1,0,1,0,0,0,0,0,1,0,0,0
55012,0,1,85,582,0,65,0,0,13,6,8,2,9,5,0,0,0,0,0,0,0,3481,50,1,0,0,0,1,0,0,0,0,1,0,0
9722,1,0,7,6,17,16,6,16,42,4,3,1,3,8,0,0,0,0,0,0,1,4016,50,1,1,0,0,0,0,0,0,0,1,0,0
38175,1,0,6,70,6,69,2,3,3,3,3,1,4,7,0,0,0,0,0,0,0,3660,39,1,0,0,0,1,0,0,1,0,0,0,0
58656,0,1,25,962,12,194,16,24,12,4,7,8,13,6,0,0,1,0,0,0,0,4028,67,1,0,0,1,0,0,0,0,0,1,0,0
52117,0,1,55,112,10,107,30,0,20,2,5,2,4,7,0,0,0,0,0,0,0,4063,58,1,0,1,0,0,0,0,0,0,1,0,0
64813,1,0,81,293,0,124,179,97,52,1,7,2,10,5,0,0,0,0,0,0,0,3559,45,1,0,1,0,0,0,0,1,0,0,0,0
54222,0,1,98,199,12,31,3,12,7,1,3,3,5,3,0,0,0,0,0,0,0,3501,50,1,0,0,0,1,0,0,1,0,0,0,0
83512,0,0,31,1060,61,835,80,20,101,1,4,7,10,1,1,0,1,1,1,0,1,3393,37,0,0,1,0,0,0,0,1,0,0,0,0
77520,0,1,30,940,44,396,0,88,58,1,8,7,7,4,1,0,1,1,0,0,1,3686,64,1,0,0,1,0,0,0,1,0,0,0,0
41154,0,1,98,44,2,11,2,3,7,1,1,0,4,5,0,0,0,0,0,0,0,3827,45,1,0,1,0,0,0,0,0,0,1,0,0
80398,0,0,92,342,51,936,207,35,26,1,5,8,12,3,0,0,1,0,0,0,0,3977,57,0,0,1,0,0,0,0,1,0,0,0,0
18746,1,0,41,2,10,11,12,9,20,2,3,0,3,6,0,0,0,0,0,0,0,3412,31,1,1,0,0,0,0,0,0,1,0,0,0
35196,1,0,68,75,12,141,43,39,187,6,6,1,5,8,0,0,0,0,0,0,0,3974,39,1,0,1,0,0,0,0,0,0,1,0,0
60230,0,1,78,520,20,367,39,81,40,2,6,3,6,5,0,0,0,0,0,0,0,3786,67,1,0,1,0,0,0,0,0,1,0,0,0
22108,1,1,46,5,3,9,6,2,6,2,2,0,3,7,0,0,0,0,0,0,0,3433,46,2,0,1,0,0,0,0,1,0,0,0,0
44392,1,1,71,87,5,71,7,12,29,5,4,1,4,7,0,0,0,0,0,0,0,3678,49,2,0,1,0,0,0,0,0,0,1,0,0
55424,0,1,6,462,61,184,10,53,107,4,7,5,9,6,1,0,0,0,0,0,1,3962,47,1,0,0,0,1,0,0,1,0,0,0,0
17688,1,0,82,2,2,1,3,1,2,1,1,0,2,8,0,0,0,0,0,1,0,3913,44,1,0,1,0,0,0,0,1,0,0,0,0
92491,0,0,71,979,44,935,29,25,22,1,7,5,12,3,0,1,1,1,0,0,1,3805,40,0,0,0,0,1,0,0,1,0,0,0,0
90273,0,0,32,704,129,853,120,74,111,1,5,6,7,2,0,1,1,1,0,0,1,3578,32,0,0,1,0,0,0,0,0,1,0,0,0
82571,0,0,28,861,31,558,62,95,79,0,6,5,13,2,0,0,1,0,0,0,0,3469,61,0,0,0,0,1,0,0,0,0,0,1,0
38513,1,0,20,172,3,115,16,0,18,5,6,1,5,8,0,0,0,0,0,0,1,3533,41,1,0,0,0,1,0,0,0,1,0,0,0
16653,1,0,10,5,7,31,15,4,7,3,2,1,3,6,0,0,0,0,0,0,1,3453,44,1,0,0,1,0,0,0,0,1,0,0,0
42586,1,1,7,194,2,56,0,0,0,5,4,1,6,8,0,0,0,0,0,0,1,3989,68,2,0,1,0,0,0,0,0,0,1,0,0
23529,0,1,67,9,7,13,3,2,20,1,1,1,2,6,0,0,0,0,0,0,0,3919,58,1,1,0,0,0,0,0,0,1,0,0,0
74881,1,1,48,505,72,270,36,27,54,4,9,2,12,5,0,0,0,0,0,0,0,3859,62,2,0,0,1,0,0,0,0,0,1,0,0
71107,0,1,61,533,10,217,198,174,195,2,7,6,13,4,0,0,0,0,0,0,0,3878,72,1,0,1,0,0,0,0,1,0,0,0,0
46910,1,1,36,48,0,14,0,0,6,2,2,0,3,6,0,0,0,0,0,0,0,3479,59,2,0,0,0,1,0,0,0,0,1,0,0
18690,0,0,77,6,1,7,23,4,19,1,1,1,2,8,0,0,0,0,0,0,0,3929,64,0,0,1,0,0,0,0,1,0,0,0,0
37244,1,1,90,18,2,10,0,0,25,1,1,1,2,7,1,0,0,0,0,0,0,3809,68,2,0,1,0,0,0,1,0,0,0,0,0
82427,0,0,35,482,147,509,104,107,107,1,3,5,12,1,0,0,1,0,0,0,0,3490,57,0,0,1,0,0,0,0,0,0,1,0,0
75342,0,1,38,204,97,97,21,118,26,1,5,2,10,4,0,0,0,0,0,0,0,3800,65,1,0,0,0,0,0,0,0,1,0,0,0
70044,0,1,46,1073,0,250,153,14,14,4,7,10,5,5,0,0,0,0,0,0,0,3877,69,1,0,1,0,0,0,1,0,0,0,0,0
79146,1,1,33,245,16,223,21,43,16,2,8,1,8,6,0,0,0,0,0,0,0,3447,56,2,0,1,0,0,0,0,0,1,0,0,0
77437,0,0,70,560,21,442,29,44,29,1,4,5,13,1,0,0,1,0,0,0,0,3596,60,0,0,1,0,0,0,0,1,0,0,0,0
54984,0,1,51,173,13,131,32,3,6,4,6,1,6,7,0,0,0,1,0,0,0,3417,64,1,0,1,0,0,0,0,1,0,0,0,0
42403,1,0,18,22,1,11,0,5,3,1,1,0,3,8,0,0,0,0,0,0,0,3581,52,1,0,0,0,1,0,0,1,0,0,0,0
55761,0,1,97,136,1,12,0,3,32,2,4,1,3,6,0,1,0,0,0,0,0,3447,59,1,0,1,0,0,0,0,0,0,1,0,0
37292,1,0,32,275,0,86,10,23,66,5,6,3,5,8,0,0,0,0,0,0,0,3818,40,1,0,1,0,0,0,0,0,0,1,0,0
45576,0,0,9,56,19,29,2,14,25,1,3,1,3,8,0,0,0,0,0,0,1,3413,78,0,0,0,0,1,0,0,0,1,0,0,0
70321,0,0,6,303,23,751,82,26,191,1,6,5,13,4,0,0,0,0,0,0,1,3910,76,0,0,1,0,0,0,0,0,0,1,0,0
58086,0,1,80,708,7,62,0,0,15,2,11,3,7,8,0,0,0,0,0,0,0,3906,54,1,0,0,0,1,0,1,0,0,0,0,0
81795,0,0,74,324,132,693,27,118,88,1,4,11,7,2,0,0,0,0,0,0,0,3992,71,0,0,1,0,0,0,0,1,0,0,0,0
28389,0,0,49,1,5,3,7,4,8,1,1,0,2,7,0,0,0,0,0,0,0,3967,76,0,1,0,0,0,0,0,0,0,1,0,0
66835,0,0,21,620,26,195,34,17,141,1,6,4,13,2,0,0,0,0,0,0,0,3655,77,0,0,0,1,0,0,0,1,0,0,0,0
69901,0,1,95,312,21,206,102,92,149,3,7,3,10,5,0,0,0,0,0,0,0,3777,54,1,0,1,0,0,0,1,0,0,0,0,0
80360,0,0,56,1493,86,454,112,43,43,2,4,4,5,2,0,1,1,1,0,0,0,3864,74,0,0,0,0,1,0,0,1,0,0,0,0
63342,0,1,48,918,21,118,13,10,21,3,8,3,5,6,0,1,0,0,0,0,1,4002,62,1,0,0,0,1,0,0,0,0,1,0,0
44989,0,1,26,98,0,106,49,10,106,5,5,1,5,6,0,0,0,0,0,0,0,4036,49,1,0,1,0,0,0,0,1,0,0,0,0
31859,1,0,3,3,4,7,15,8,11,1,1,0,3,7,0,0,0,0,0,0,0,3503,43,1,0,0,0,0,0,0,0,1,0,0,0
51569,0,1,39,380,0,47,6,0,34,4,7,1,7,8,0,1,0,0,0,0,1,3883,74,1,0,0,0,1,0,0,0,0,0,1,0
30372,1,1,33,15,0,12,7,3,7,3,2,0,3,7,0,0,0,0,0,0,0,3932,52,2,0,1,0,0,0,0,0,0,0,1,0
16014,1,1,42,3,9,4,7,8,7,4,1,1,4,3,0,0,0,0,0,0,0,3850,44,2,1,0,0,0,0,0,0,1,0,0,0
41120,1,1,80,24,2,23,0,8,24,3,2,1,3,6,0,0,0,0,0,0,0,3616,55,2,0,1,0,0,0,0,1,0,0,0,0
39763,1,0,9,80,1,60,4,6,16,2,5,1,2,9,0,0,0,0,0,0,1,3710,52,1,0,0,1,0,0,0,0,1,0,0,0
38725,1,1,52,31,0,6,2,1,5,2,1,0,4,4,0,0,0,0,0,0,0,3431,68,2,0,0,0,1,0,0,1,0,0,0,0
77981,1,0,78,138,120,204,16,126,60,3,7,4,7,5,0,0,0,0,0,0,0,3780,51,1,0,1,0,0,0,0,1,0,0,0,0
62905,0,1,68,166,75,96,119,107,59,3,7,2,8,4,0,0,0,0,0,0,0,3673,59,1,0,0,0,0,0,0,1,0,0,0,0
13533,1,0,45,12,3,8,8,0,17,2,2,0,3,7,0,0,0,0,0,0,0,3857,44,1,0,0,0,0,0,1,0,0,0,0,0
59481,0,1,47,178,3,85,71,66,58,2,3,3,8,2,0,0,0,0,0,0,0,3630,48,1,0,1,0,0,0,0,0,0,1,0,0
72117,0,1,34,707,20,171,65,60,50,1,9,7,9,5,0,0,0,0,0,0,0,3694,46,1,0,1,0,0,0,0,1,0,0,0,0
21955,1,0,81,5,1,7,17,14,11,2,2,1,3,6,0,0,0,0,0,0,0,3676,37,1,0,0,0,0,0,0,1,0,0,0,0
67131,0,1,72,465,71,250,93,35,62,3,9,2,12,6,0,0,0,0,0,0,0,3841,67,1,0,1,0,0,0,0,1,0,0,0,0
36802,1,0,23,16,1,2,0,0,1,1,1,0,3,5,0,0,0,0,0,0,0,3394,43,1,0,0,0,1,0,0,0,1,0,0,0
71853,0,0,29,358,108,413,141,97,32,1,2,8,6,1,0,0,0,0,0,0,0,3798,41,0,0,1,0,0,0,0,0,0,1,0,0
28249,0,0,80,1,9,7,2,14,10,1,2,0,3,6,0,0,0,0,0,0,0,3395,62,0,1,0,0,0,0,0,1,0,0,0,0
47808,0,1,30,123,1,26,2,0,72,2,3,2,3,7,1,0,0,0,0,0,0,3633,48,1,0,0,1,0,0,0,1,0,0,0,0
25509,1,0,15,40,3,30,10,7,11,3,3,0,3,9,0,0,0,0,0,0,1,4030,49,1,0,0,0,1,0,1,0,0,0,0,0
51012,0,0,86,102,9,63,2,9,24,1,4,1,4,6,0,0,0,0,0,0,0,3818,77,0,0,0,0,1,0,0,1,0,0,0,0
70596,0,0,68,347,44,534,17,0,26,1,3,5,12,2,0,0,0,0,0,0,0,4013,38,0,0,1,0,0,0,0,0,1,0,0,0
85431,0,0,54,376,53,462,168,53,53,1,2,7,7,0,0,0,0,0,0,0,0,3767,71,0,0,0,0,1,0,0,0,0,1,0,0
42664,0,1,44,21,0,3,0,0,0,1,1,0,3,6,0,0,0,0,0,0,0,3484,56,1,0,1,0,0,0,0,1,0,0,0,0
42586,1,1,7,194,2,56,0,0,0,5,4,1,6,8,0,0,0,0,0,0,1,3989,68,2,0,1,0,0,0,0,0,0,1,0,0
29760,1,0,87,64,4,68,7,5,17,4,3,1,4,8,0,0,0,0,0,0,0,4050,38,1,0,1,0,0,0,0,0,1,0,0,0
28973,0,0,59,206,0,46,3,2,12,2,5,1,5,8,0,0,0,0,0,0,0,4005,46,0,0,0,0,1,0,0,1,0,0,0,0
39435,1,0,16,71,0,18,0,0,13,1,3,1,2,7,0,0,0,0,0,0,0,3708,50,1,0,0,0,1,0,0,0,0,1,0,0
65370,0,0,1,71,22,112,138,89,29,1,2,3,13,1,0,0,0,0,0,0,0,3713,39,0,0,0,0,0,0,0,1,0,0,0,0
20194,1,0,64,0,4,7,11,10,15,2,2,0,3,6,0,0,0,0,0,0,0,3940,44,1,1,0,0,0,0,0,0,1,0,0,0
42473,1,1,72,93,1,21,0,4,25,3,2,1,4,5,0,0,0,0,0,0,0,3513,47,2,0,0,0,1,0,0,0,1,0,0,0
64590,0,0,98,920,138,168,36,46,30,1,9,4,10,6,0,0,0,0,0,0,0,4004,55,0,0,1,0,0,0,0,1,0,0,0,0
71232,0,1,91,653,17,170,34,26,17,2,11,2,10,7,0,0,0,0,0,0,0,3594,64,1,0,1,0,0,0,0,0,0,1,0,0
34600,1,1,8,199,33,60,8,3,15,5,5,2,5,8,0,0,0,0,0,0,1,3925,52,2,0,1,0,0,0,0,0,0,1,0,0
46904,1,1,20,153,4,56,0,9,31,4,5,1,4,8,0,0,0,0,0,0,0,3984,56,2,0,1,0,0,0,0,0,1,0,0,0
49094,0,1,6,376,0,38,11,8,69,5,6,3,6,6,0,0,0,0,0,0,0,4027,50,1,0,1,0,0,0,0,1,0,0,0,0
36075,1,0,54,46,0,30,12,1,30,1,2,0,4,6,0,0,0,0,0,0,0,3583,40,1,0,1,0,0,0,0,0,0,1,0,0
60839,1,1,72,600,21,128,223,150,128,13,2,2,12,8,0,0,0,0,0,0,0,4051,44,2,0,0,0,0,0,0,0,0,1,0,0
77298,0,1,46,425,115,292,23,35,79,1,6,6,11,3,0,0,0,0,0,0,0,3620,44,1,0,1,0,0,0,0,0,0,1,0,0
34026,1,1,11,18,6,15,12,8,17,3,2,1,3,5,0,0,0,0,0,0,0,3709,73,2,0,1,0,0,0,0,0,0,1,0,0
48918,1,1,21,52,0,9,0,0,1,2,1,0,4,4,0,0,0,0,0,0,0,3459,60,2,0,0,0,1,0,0,0,1,0,0,0
82122,0,0,89,734,22,350,151,25,100,1,3,9,13,1,0,0,1,0,0,0,0,3699,61,0,0,0,0,0,0,0,0,0,1,0,0
37697,1,0,82,34,6,21,11,4,8,1,2,1,3,6,0,0,0,0,0,0,0,3523,47,1,0,1,0,0,0,0,0,1,0,0,0
34074,1,1,69,135,1,41,10,1,67,5,3,3,3,6,1,0,0,0,0,0,0,3732,71,2,0,1,0,0,0,0,0,0,1,0,0
28520,1,1,55,11,0,10,0,2,20,1,1,1,2,6,0,0,0,0,0,0,0,3761,63,2,0,0,1,0,0,0,1,0,0,0,0
62535,0,1,13,163,48,90,0,45,52,1,3,2,8,3,0,0,0,0,0,0,0,3650,68,1,0,1,0,0,0,0,0,1,0,0,0
36273,1,0,80,29,3,30,3,2,9,2,3,0,3,6,0,0,0,0,0,0,0,3455,46,1,0,0,1,0,0,0,0,1,0,0,0
63404,0,2,97,734,26,70,11,44,17,2,6,3,4,4,0,0,0,1,0,0,0,3404,59,2,0,1,0,0,0,0,0,0,1,0,0
75774,1,0,27,340,21,134,258,14,56,1,7,5,8,4,0,0,0,0,0,0,0,3439,42,1,0,0,0,0,0,0,0,0,1,0,0
78416,0,1,99,453,38,279,188,38,183,2,7,7,10,3,0,0,0,0,0,0,0,3383,47,1,0,1,0,0,0,0,0,0,1,0,0
75702,0,1,87,1073,0,629,145,37,37,1,10,5,13,6,0,0,1,0,0,0,0,4004,49,1,0,1,0,0,0,0,0,0,1,0,0
59385,1,1,85,135,0,10,0,4,36,2,3,1,4,5,0,0,0,0,0,0,0,3808,72,2,0,0,1,0,0,0,0,0,1,0,0
37070,1,1,30,231,7,137,4,15,39,9,5,1,8,7,0,0,0,0,0,0,1,3847,57,2,0,1,0,0,0,0,0,1,0,0,0
44689,1,1,82,18,0,5,0,0,11,2,1,1,2,7,1,0,0,0,0,0,0,3551,72,2,0,1,0,0,0,0,1,0,0,0,0
53977,0,1,21,620,16,165,0,24,82,5,5,5,12,5,0,0,0,0,0,0,0,3767,65,1,0,1,0,0,0,0,0,0,1,0,0
7144,0,2,92,81,4,33,5,2,291,0,23,1,1,0,0,0,0,0,0,0,0,3585,57,2,0,0,0,1,0,0,0,1,0,0,0
18701,1,1,95,12,4,2,10,6,10,4,2,0,4,5,0,0,0,0,0,0,0,3771,59,2,0,1,0,0,0,0,0,1,0,0,0
90369,0,0,2,292,51,981,224,23,17,1,4,6,6,1,0,0,0,0,0,0,1,3443,67,0,0,1,0,0,0,0,1,0,0,0,0
63159,0,0,74,965,34,586,89,86,37,1,3,5,8,3,1,0,0,0,0,0,0,3982,49,0,0,0,0,1,0,0,0,1,0,0,0
37758,1,1,49,27,2,10,0,0,1,2,1,0,3,8,0,0,0,0,0,0,0,4014,57,2,0,1,0,0,0,0,0,0,1,0,0
46757,0,1,71,777,30,163,0,51,122,6,4,4,7,9,0,0,0,0,0,0,0,3971,60,1,0,0,0,1,0,0,0,1,0,0,0
79734,0,0,72,572,8,232,23,62,17,1,4,3,6,1,0,0,0,1,0,0,0,3382,54,0,0,0,1,0,0,0,1,0,0,0,0
63207,0,0,68,438,169,565,91,169,70,1,2,3,6,7,0,0,0,1,0,0,0,3906,31,0,0,1,0,0,0,0,0,0,1,0,0
72071,0,1,4,531,69,300,150,138,150,3,5,4,8,2,0,0,0,0,0,0,0,3881,69,1,0,1,0,0,0,1,0,0,0,0,0
21840,1,0,80,17,0,9,0,0,1,1,1,0,3,9,0,0,0,0,0,0,0,3724,40,1,0,0,0,1,0,0,0,0,1,0,0
58582,0,1,15,402,35,106,101,77,42,2,9,2,9,5,0,1,0,0,0,0,0,3655,41,1,0,0,0,0,0,0,0,0,1,0,0
72282,0,0,70,503,27,419,90,139,153,1,5,7,9,7,0,0,0,0,0,0,1,3726,72,0,0,1,0,0,0,0,0,1,0,0,0
50387,0,2,91,369,9,87,12,14,34,3,6,2,8,5,0,0,0,0,0,0,0,3683,67,2,0,1,0,0,0,0,1,0,0,0,0
32583,1,1,10,5,0,3,0,0,1,1,1,0,2,7,0,0,0,0,0,0,0,3395,62,2,0,0,0,1,0,0,0,0,1,0,0
62568,0,1,99,362,17,398,80,35,61,3,5,3,5,4,0,0,0,1,0,0,0,3464,61,1,0,1,0,0,0,0,0,0,1,0,0
44635,1,1,25,56,0,9,0,0,3,2,2,0,3,7,0,0,0,0,0,0,0,3642,52,2,0,0,1,0,0,1,0,0,0,0,0
33316,1,1,34,79,1,31,4,4,12,3,2,1,4,6,0,0,0,0,0,0,0,3649,52,2,0,0,1,0,0,0,0,1,0,0,0
63967,0,1,57,387,84,141,73,35,162,3,4,4,12,2,0,0,0,0,0,0,0,3705,55,1,0,1,0,0,0,0,1,0,0,0,0
52513,0,0,84,367,17,241,104,188,232,2,9,5,9,7,0,0,0,0,0,0,0,4044,45,0,0,0,0,0,0,0,0,0,1,0,0
25293,1,0,51,15,0,11,0,2,9,1,1,1,2,8,0,0,0,0,0,0,0,3668,54,1,0,1,0,0,0,0,1,0,0,0,0
54111,0,1,97,267,6,54,8,3,50,2,5,2,6,5,0,0,0,0,0,0,0,3689,58,1,0,0,0,1,0,0,0,0,0,1,0
78394,0,0,13,298,27,697,216,24,166,1,4,6,5,2,0,0,0,0,0,0,1,3880,37,0,0,1,0,0,0,0,0,0,1,0,0
80739,0,0,92,674,92,736,39,0,92,1,3,11,9,1,0,0,0,0,0,0,0,3783,65,0,0,0,1,0,0,0,1,0,0,0,0
22669,1,0,30,16,14,36,37,22,48,3,4,1,2,9,0,0,0,0,0,0,1,3784,48,1,0,0,1,0,0,0,0,0,1,0,0
29236,1,0,30,37,4,24,16,9,9,2,4,0,3,9,0,0,0,0,0,0,0,3645,36,1,0,1,0,0,0,0,0,1,0,0,0
44911,0,1,11,159,0,22,2,1,31,3,4,1,4,7,0,0,0,0,0,0,0,3852,64,1,0,1,0,0,0,0,0,0,1,0,0
54693,0,1,72,686,17,142,23,26,35,8,6,4,13,6,0,0,0,0,0,0,0,3878,61,1,0,0,0,1,0,0,1,0,0,0,0
48186,1,0,39,97,3,66,12,7,34,3,4,1,4,7,0,0,0,0,0,0,0,3482,49,1,0,1,0,0,0,0,0,0,1,0,0
54809,1,1,0,63,6,57,13,13,22,4,2,1,5,4,0,0,0,0,0,0,1,3672,46,2,0,1,0,0,0,0,1,0,0,0,0
41580,1,1,15,56,5,24,4,0,3,3,2,1,3,5,0,0,0,0,0,0,0,3947,45,2,0,1,0,0,0,0,0,0,1,0,0
80336,0,0,12,209,19,456,160,142,66,1,2,9,13,1,0,0,0,0,0,0,0,3674,53,0,0,0,0,1,0,0,1,0,0,0,0
47743,0,1,56,198,2,43,0,12,20,3,4,1,6,6,0,1,0,0,0,0,0,3845,66,1,0,1,0,0,0,0,1,0,0,0,0
62972,0,1,39,313,15,47,20,0,192,2,7,4,3,6,0,0,0,0,0,0,0,4076,68,1,0,0,0,0,0,0,1,0,0,0,0
57333,0,1,55,941,14,397,76,58,176,11,8,5,9,6,0,0,0,0,0,0,1,4026,69,1,0,0,0,1,0,1,0,0,0,0,0
32313,1,0,60,86,4,56,2,4,7,3,4,0,4,9,0,0,0,0,0,0,0,3884,41,1,0,0,0,1,0,0,0,0,1,0,0
84953,0,0,73,167,48,602,63,72,72,1,3,10,4,2,0,1,1,1,0,0,1,3772,70,0,0,0,1,0,0,0,0,0,0,1,0
27071,1,0,90,8,3,19,0,2,3,2,2,0,3,6,0,0,0,0,0,0,0,3448,55,1,0,0,1,0,0,1,0,0,0,0,0
68148,0,0,86,389,66,408,37,57,85,1,4,4,6,2,0,0,0,0,0,0,0,3683,66,0,0,0,1,0,0,0,0,0,1,0,0
65735,1,1,37,239,7,119,4,15,11,5,6,2,6,7,0,0,0,0,0,0,0,3585,58,2,0,0,1,0,0,0,0,0,1,0,0
86836,0,0,7,179,21,273,0,21,63,1,6,10,6,5,1,0,1,1,0,0,1,4036,48,0,0,0,0,1,0,0,1,0,0,0,0
4023,1,1,29,5,0,1,1,1,1,15,0,0,0,19,0,0,0,0,0,0,0,3387,60,2,0,0,0,1,0,0,1,0,0,0,0
30093,0,0,19,2,6,28,13,4,16,1,2,0,3,7,0,0,0,0,0,0,0,3737,33,0,0,1,0,0,0,0,1,0,0,0,0
57705,0,1,14,383,0,53,6,4,40,3,8,1,6,6,0,0,0,0,0,0,0,3550,57,1,0,0,0,1,0,0,1,0,0,0,0
25008,1,0,72,2,8,8,6,1,9,2,1,0,3,8,0,0,0,0,0,0,0,3528,35,1,0,1,0,0,0,0,0,1,0,0,0
83257,0,0,56,536,27,590,38,107,67,1,5,10,12,6,1,0,1,0,0,1,1,4030,28,0,0,0,0,0,0,0,0,1,0,0,0
22280,1,0,85,2,1,4,3,1,2,1,1,0,2,8,0,0,0,0,0,0,0,3787,48,1,0,1,0,0,0,0,0,0,1,0,0
72159,0,0,62,322,53,899,34,40,53,1,4,6,10,2,0,0,0,0,0,0,0,3989,45,0,0,0,0,1,0,0,1,0,0,0,0
64260,0,0,1,539,169,816,20,0,30,1,4,5,4,3,0,0,0,0,0,0,1,3915,62,0,0,1,0,0,0,0,0,0,1,0,0
82733,0,0,28,712,50,420,65,38,38,1,8,4,7,4,0,0,0,0,0,0,1,3673,39,0,0,0,0,1,0,0,0,1,0,0,0
74290,0,1,70,1121,0,72,0,12,12,4,10,8,10,6,0,1,0,1,0,0,0,3702,52,1,0,0,1,0,0,1,0,0,0,0,0
58217,2,1,84,68,1,13,3,5,13,1,2,0,4,6,0,0,0,0,0,0,0,3970,72,3,0,0,1,0,0,0,0,1,0,0,0
21024,0,0,89,36,4,18,6,2,18,1,2,0,4,7,0,0,0,0,0,0,0,3741,47,0,0,0,1,0,0,0,0,0,1,0,0
70116,0,0,73,707,44,603,95,58,29,1,2,8,12,1,0,0,0,0,0,0,0,3900,51,0,0,0,0,1,0,0,1,0,0,0,0
54006,1,0,42,174,77,203,6,24,97,2,8,1,7,7,0,0,0,0,0,0,0,4030,38,1,0,1,0,0,0,0,0,0,1,0,0
69063,0,1,16,666,35,124,69,8,26,1,5,3,5,3,0,0,0,0,0,0,0,3980,57,1,0,0,0,1,0,0,1,0,0,0,0
11448,0,0,16,0,0,0,6,2,6,1,1,0,2,6,0,0,0,0,0,0,0,3577,48,0,0,0,0,0,0,1,0,0,0,0,0
61825,0,1,56,162,50,100,55,30,27,1,4,2,8,4,0,0,0,0,0,0,0,3707,44,1,0,1,0,0,0,0,0,1,0,0,0
70886,1,0,65,407,70,239,103,88,53,1,5,4,4,2,0,0,0,0,0,0,0,3639,52,1,0,1,0,0,0,0,1,0,0,0,0
69109,0,0,10,823,25,459,124,29,95,1,6,6,7,4,0,0,1,0,0,0,1,3978,41,0,0,1,0,0,0,0,1,0,0,0,0
60208,1,1,13,488,23,71,15,0,59,11,8,3,7,7,0,1,0,0,0,0,1,4011,50,2,0,1,0,0,0,0,0,0,0,1,0
32889,1,1,78,28,0,13,4,2,8,3,2,1,3,5,0,0,0,0,0,0,0,3677,55,2,0,0,1,0,0,0,0,0,1,0,0
34738,1,0,51,3,2,10,3,0,2,1,1,0,3,6,0,0,0,0,0,0,0,3430,39,1,0,1,0,0,0,0,0,1,0,0,0
30538,1,0,27,284,0,52,8,3,20,4,9,0,4,10,0,0,0,0,0,0,0,4017,52,1,0,0,1,0,0,0,0,0,1,0,0
82326,0,0,30,938,142,754,159,81,183,1,5,10,6,2,0,1,1,1,0,0,1,3492,46,0,0,0,0,0,0,0,0,0,1,0,0
26642,1,0,71,13,2,15,2,2,8,2,2,0,3,6,0,0,0,0,0,0,0,3501,56,1,0,0,0,1,0,1,0,0,0,0,0
69932,0,1,97,412,172,153,150,105,57,2,7,6,11,4,0,0,0,0,0,0,0,3763,59,1,0,1,0,0,0,1,0,0,0,0,0
44503,1,1,83,31,1,8,0,0,8,2,2,0,3,6,0,0,0,0,0,0,0,3455,51,2,0,1,0,0,0,0,0,1,0,0,0
60200,0,1,3,502,19,132,0,6,26,6,6,2,11,6,0,0,0,0,0,0,0,3924,75,1,0,0,0,1,0,0,0,1,0,0,0
49638,0,1,71,18,10,3,3,5,0,1,1,0,3,2,0,0,0,0,0,0,0,3452,71,1,0,1,0,0,0,1,0,0,0,0,0
23830,0,0,3,1,8,6,4,8,16,1,1,0,3,7,0,0,0,0,0,0,0,3523,36,0,0,0,0,0,0,0,0,1,0,0,0
33051,0,0,15,100,71,243,108,94,219,3,9,1,8,9,0,0,0,0,0,0,1,4063,64,0,0,0,1,0,0,0,0,0,0,1,0
72905,0,0,52,407,114,445,181,165,203,1,3,7,9,1,0,0,0,1,0,0,0,3540,65,0,0,1,0,0,0,0,1,0,0,0,0
69702,0,1,8,664,9,240,50,19,57,2,7,7,10,4,0,0,0,0,0,0,0,3876,72,1,0,0,0,1,0,0,0,0,1,0,0
70300,1,0,89,1045,61,338,60,46,46,3,5,5,13,8,0,0,0,0,0,0,0,3730,48,1,0,1,0,0,0,1,0,0,0,0,0
70643,0,0,66,1218,107,304,23,143,33,1,5,8,4,6,0,0,0,0,0,0,1,4003,39,0,0,0,0,1,0,0,1,0,0,0,0
30396,1,0,22,15,0,6,0,1,12,2,1,1,2,7,1,0,0,0,0,0,1,3441,54,1,0,0,0,1,0,0,1,0,0,0,0
50616,0,1,56,128,0,16,0,1,4,2,4,0,4,7,0,0,0,0,0,0,0,3453,55,1,0,0,0,1,0,1,0,0,0,0,0
62772,0,1,74,581,49,157,43,8,108,1,5,6,11,2,0,1,0,0,0,0,0,3787,54,1,0,0,1,0,0,0,0,1,0,0,0
30298,0,0,48,6,3,12,6,1,0,1,1,1,3,3,0,0,0,0,0,0,0,3422,38,0,0,0,0,1,0,0,0,1,0,0,0
52413,1,0,67,185,8,133,56,56,12,2,7,1,7,7,0,0,0,0,0,0,0,3984,39,1,0,1,0,0,0,0,0,1,0,0,0
44155,1,1,24,22,1,9,0,0,14,1,1,1,2,4,0,0,0,0,0,0,0,3542,66,2,0,0,0,1,0,0,1,0,0,0,0
86979,0,0,67,584,100,835,65,83,35,1,5,5,5,2,1,0,0,0,0,0,1,3615,52,0,0,0,0,1,0,1,0,0,0,0,0
76532,1,1,38,355,30,177,90,138,30,4,9,5,7,5,0,0,0,0,0,0,0,3674,48,2,0,1,0,0,0,0,0,0,1,0,0
42081,1,0,86,175,10,110,54,6,27,2,6,3,4,6,1,0,0,0,0,0,0,3869,41,1,0,1,0,0,0,0,1,0,0,0,0
67546,0,0,90,864,134,768,150,38,172,1,4,10,5,3,0,0,0,0,0,0,0,4048,35,0,0,0,0,1,0,0,1,0,0,0,0
88420,0,0,87,957,153,612,99,95,153,1,4,7,8,1,1,0,1,1,0,0,0,3439,34,0,0,0,1,0,0,0,0,0,1,0,0
31158,1,0,62,25,6,16,20,0,5,2,2,0,3,8,0,0,0,0,0,0,0,3899,38,1,0,1,0,0,0,0,1,0,0,0,0
61671,0,1,23,641,7,56,0,0,28,8,10,4,6,8,0,1,0,1,0,0,0,3407,55,1,0,1,0,0,0,1,0,0,0,0,0
69719,0,0,99,273,86,208,177,14,43,1,2,3,5,1,0,0,0,0,0,0,0,3415,49,0,0,1,0,0,0,0,0,1,0,0,0
49160,0,1,29,122,21,43,25,10,15,2,3,1,6,6,0,0,0,0,0,0,0,3633,74,1,0,1,0,0,0,1,0,0,0,0,0
24882,1,0,52,1,4,10,29,0,36,1,1,1,2,6,1,0,0,0,0,0,0,4039,45,1,1,0,0,0,0,0,0,0,1,0,0
90933,0,0,90,1020,31,430,62,63,79,1,4,6,4,1,0,0,1,0,0,0,0,3471,69,0,0,0,0,1,0,0,0,1,0,0,0
113734,0,0,9,6,2,3,1,262,3,0,27,0,0,1,0,0,0,0,0,0,0,3413,78,0,0,0,0,1,0,0,0,1,0,0,0
59292,0,1,71,378,14,68,19,14,14,2,3,5,8,3,0,0,0,0,0,0,0,3762,73,1,0,0,0,1,0,0,0,0,1,0,0
45759,1,1,13,42,1,18,3,0,4,2,2,0,3,7,0,0,0,0,0,0,0,3872,59,2,0,0,0,1,0,0,1,0,0,0,0
22148,0,0,16,15,5,14,0,4,11,1,1,0,3,7,0,0,0,0,0,0,0,3458,40,0,0,1,0,0,0,0,0,1,0,0,0
73395,0,0,94,272,7,80,20,7,11,1,4,4,6,2,0,0,0,0,0,0,0,3484,36,0,0,0,1,0,0,0,1,0,0,0,0
29819,1,0,77,9,1,24,2,1,2,3,3,0,3,6,0,0,0,0,0,0,0,3629,52,1,0,1,0,0,0,1,0,0,0,0,0
45688,0,1,20,279,0,18,0,0,9,2,3,1,8,4,0,1,0,0,0,0,0,3536,55,1,0,1,0,0,0,0,1,0,0,0,0
62820,0,0,51,398,61,265,138,61,53,1,3,4,6,1,0,0,0,0,0,0,0,3795,69,0,0,1,0,0,0,0,1,0,0,0,0
60491,0,1,81,637,47,237,12,19,76,4,6,11,7,5,0,0,0,0,0,0,0,3677,52,1,0,0,0,1,0,0,1,0,0,0,0
33235,1,0,71,45,0,16,2,1,6,1,3,0,3,7,0,0,0,0,0,0,0,3525,37,1,0,1,0,0,0,0,0,0,1,0,0
35701,0,0,36,21,1,9,7,3,5,1,1,0,3,6,0,0,0,0,0,0,0,3848,64,0,0,1,0,0,0,0,1,0,0,0,0
31535,1,0,95,15,4,13,0,0,19,1,1,1,2,7,1,0,0,0,0,0,0,3657,43,1,0,0,1,0,0,0,1,0,0,0,0
92556,0,0,32,493,183,352,184,23,28,0,3,5,13,0,0,0,0,0,0,0,0,3451,63,0,0,0,0,0,0,0,0,0,1,0,0
67384,0,1,32,957,40,175,158,53,107,2,7,8,5,5,0,1,0,0,0,0,0,3977,53,1,0,1,0,0,0,0,0,1,0,0,0
80573,0,0,85,829,138,430,60,92,15,1,4,6,13,2,0,0,0,0,0,0,0,4004,52,0,0,0,1,0,0,0,0,0,1,0,0
77870,0,1,93,1017,50,500,65,50,133,3,5,5,5,8,0,1,0,1,0,0,1,4057,56,1,0,1,0,0,0,0,1,0,0,0,0
52278,0,1,24,953,0,71,0,0,174,6,10,5,10,8,0,0,0,0,0,0,0,3901,60,1,0,0,0,1,0,0,0,0,0,1,0
57107,0,1,44,159,0,120,0,0,137,7,4,4,8,8,0,1,0,0,1,0,1,4055,55,1,0,1,0,0,0,0,0,1,0,0,0
18929,0,0,15,32,0,8,23,4,18,1,1,0,4,6,0,0,0,0,0,0,0,3879,33,0,0,1,0,0,0,0,1,0,0,0,0
36038,1,0,82,23,0,15,0,2,7,2,3,0,3,6,0,0,0,0,0,0,0,3775,42,1,0,0,0,1,0,0,0,1,0,0,0
20180,0,0,27,18,42,24,15,20,18,1,2,1,4,7,0,0,0,0,0,0,0,3875,47,0,0,1,0,0,0,0,0,1,0,0,0
34230,1,1,72,15,0,4,0,0,2,1,1,0,2,7,0,0,0,0,0,0,0,3931,58,2,0,0,0,1,0,0,0,0,1,0,0
31878,0,1,7,23,4,5,10,5,23,1,1,0,4,3,0,0,0,0,0,0,0,3388,46,1,0,0,0,0,0,0,0,1,0,0,0
70932,0,1,57,200,193,100,46,185,185,2,6,2,12,3,0,0,0,0,0,0,0,3542,51,1,0,0,0,0,0,0,1,0,0,0,0
91249,0,0,84,1324,27,119,71,108,27,0,7,9,6,4,0,1,1,1,1,0,1,3998,67,0,0,1,0,0,0,0,0,1,0,0,0
77598,0,0,53,1193,33,281,129,66,33,1,7,5,13,3,0,0,1,0,0,0,0,3652,80,0,0,0,1,0,0,0,0,1,0,0,0
80982,1,1,48,505,137,401,104,22,22,3,11,5,11,5,0,0,0,0,0,1,0,3918,64,2,0,1,0,0,0,0,0,1,0,0,0
22701,1,0,2,2,4,9,0,4,5,1,1,0,3,5,0,0,0,0,0,0,0,3678,46,1,0,0,1,0,0,0,1,0,0,0,0
55212,0,1,65,1103,0,45,0,0,34,3,4,2,11,8,0,1,0,0,1,0,0,3964,54,1,0,0,0,1,0,0,1,0,0,0,0
70617,0,0,45,353,61,753,40,46,27,1,3,3,7,2,0,0,0,0,0,0,0,3752,53,0,0,1,0,0,0,0,1,0,0,0,0
64849,0,0,42,652,48,350,94,84,108,1,9,3,6,5,0,0,0,0,0,0,1,3974,66,0,0,1,0,0,0,0,0,1,0,0,0
62694,1,1,29,379,6,157,25,91,91,5,9,3,7,7,0,0,0,0,0,0,0,3758,58,2,0,0,1,0,0,0,1,0,0,0,0
61917,1,1,83,46,4,36,2,2,1,1,2,0,4,5,0,0,0,0,0,0,0,3602,49,2,0,0,0,1,0,0,1,0,0,0,0
67472,0,1,93,162,31,127,8,17,69,2,4,2,7,3,0,0,0,0,0,0,0,3655,76,1,0,0,0,1,0,0,1,0,0,0,0
21059,1,0,40,8,3,19,3,3,8,3,3,0,3,6,0,0,0,0,0,0,0,3554,41,1,0,0,1,0,0,0,1,0,0,0,0
29543,2,0,47,17,3,18,3,4,18,2,3,1,2,7,0,0,0,0,0,0,0,3470,55,2,0,0,1,0,0,0,1,0,0,0,0
75903,0,1,50,340,108,185,130,38,100,2,6,6,9,3,0,0,0,0,0,0,0,3828,72,1,0,1,0,0,0,0,1,0,0,0,0
34984,1,1,40,8,4,15,3,5,3,2,1,0,3,7,0,0,0,0,0,0,0,4042,48,2,0,0,0,0,0,0,0,0,1,0,0
54998,0,1,3,154,22,202,39,30,8,5,4,2,9,4,0,0,0,0,0,0,1,3857,67,1,0,0,0,1,0,0,0,1,0,0,0
54356,0,1,62,710,15,30,20,0,0,3,11,2,8,8,0,0,0,0,0,0,1,3968,74,1,0,0,0,1,0,0,0,0,0,1,0
34242,0,1,25,8,2,4,0,0,1,1,0,0,3,5,0,0,0,0,0,0,0,3479,64,1,0,0,1,0,0,0,1,0,0,0,0
25410,1,0,48,2,2,4,13,13,4,1,1,0,4,4,0,0,0,0,0,0,0,3683,50,1,0,1,0,0,0,0,1,0,0,0,0
73356,0,0,56,1050,14,322,0,14,112,1,5,11,5,2,1,0,1,1,0,0,1,3524,39,0,0,0,0,1,0,0,1,0,0,0,0
28320,0,1,68,19,1,14,3,2,4,1,1,0,3,8,0,0,0,0,0,0,0,3912,73,1,0,1,0,0,0,0,0,0,1,0,0
23763,1,0,64,22,0,6,6,2,6,1,1,0,3,7,0,0,0,0,0,0,0,4072,46,1,0,1,0,0,0,0,0,1,0,0,0
72570,0,0,67,274,83,216,151,141,224,1,4,6,12,1,0,0,0,0,0,0,0,3446,39,0,0,1,0,0,0,0,1,0,0,0,0
34529,1,0,94,68,6,38,3,6,41,2,2,2,3,7,0,0,0,0,0,0,0,4034,47,1,0,0,1,0,0,0,1,0,0,0,0
70792,0,0,82,344,45,654,104,11,114,2,3,4,10,3,0,0,0,0,0,0,0,3889,72,0,0,1,0,0,0,0,0,0,0,1,0
63211,0,0,3,145,193,459,205,26,145,2,3,8,7,2,0,0,0,0,0,0,1,3985,41,0,0,1,0,0,0,0,1,0,0,0,0
83891,0,1,24,217,38,350,111,85,15,1,4,7,10,1,0,0,0,0,0,0,0,3390,49,1,0,0,1,0,0,0,1,0,0,0,0
36065,1,1,54,18,7,34,10,2,3,3,3,0,3,8,0,0,0,0,0,0,0,3836,55,2,0,1,0,0,0,0,0,1,0,0,0
39898,0,1,20,69,8,26,12,7,12,2,3,0,4,7,0,0,0,0,0,0,0,3883,69,1,0,1,0,0,0,0,0,0,1,0,0
51141,0,0,96,144,0,7,0,0,6,1,3,1,4,5,0,0,0,0,0,0,0,3737,83,0,0,0,0,1,0,0,0,1,0,0,0
56939,0,1,19,256,34,103,90,29,49,2,3,3,10,3,0,0,0,0,0,0,0,3665,47,1,0,1,0,0,0,0,1,0,0,0,0
80872,0,0,60,483,72,567,94,12,108,1,4,4,10,1,0,0,0,0,0,0,0,3429,72,0,0,1,0,0,0,0,0,1,0,0,0
72335,0,0,2,1285,105,653,28,21,0,1,10,4,8,8,0,0,0,0,0,0,1,4066,47,0,0,0,0,1,0,0,0,0,1,0,0
61798,0,0,13,338,4,89,11,8,13,1,4,2,9,4,0,0,0,0,0,0,0,3599,59,0,0,0,0,1,0,0,0,1,0,0,0
76842,0,0,37,605,10,345,84,54,32,1,1,8,7,0,0,0,0,0,0,0,0,3438,73,0,0,0,0,1,0,0,0,0,0,1,0
29478,1,0,59,8,0,7,3,1,1,1,1,0,3,6,0,0,0,0,0,0,0,3544,47,1,0,1,0,0,0,0,0,0,1,0,0
46998,0,1,55,172,41,86,45,6,27,5,5,3,5,7,1,0,0,0,0,0,0,3996,67,1,0,1,0,0,0,0,0,1,0,0,0
96843,0,0,60,448,71,951,40,17,17,1,6,11,10,2,0,0,1,0,0,0,1,3813,33,0,0,1,0,0,0,0,0,1,0,0,0
56551,1,1,48,67,4,32,17,2,16,3,2,1,4,4,0,0,0,0,0,0,0,3434,73,2,0,0,0,1,0,0,0,0,0,1,0
70053,0,1,38,512,53,98,81,179,89,3,8,5,10,5,0,0,0,0,0,0,0,3742,58,1,0,0,1,0,0,0,1,0,0,0,0
71670,0,0,8,1462,16,128,0,0,160,1,5,3,6,6,0,1,1,0,1,0,1,3736,61,0,0,0,0,1,0,0,0,0,0,1,0
44359,1,1,19,20,0,14,7,3,1,3,2,0,4,3,0,0,0,0,0,0,0,3393,45,2,0,1,0,0,0,0,1,0,0,0,0
40887,1,1,32,50,4,44,10,10,43,3,3,1,3,9,0,0,0,0,0,0,1,3800,71,2,0,1,0,0,0,0,0,1,0,0,0
48877,0,1,27,102,1,15,2,0,24,1,3,0,4,7,0,0,0,0,0,0,0,3556,57,1,0,1,0,0,0,1,0,0,0,0,0
74485,0,0,58,499,149,815,173,49,49,1,6,7,12,3,0,0,0,0,0,0,0,3690,76,0,0,1,0,0,0,0,0,0,1,0,0
64474,0,1,59,381,35,172,56,86,93,2,8,2,10,5,0,0,0,0,0,0,0,3631,51,1,0,1,0,0,0,0,0,0,1,0,0
77226,0,1,29,631,43,239,128,76,21,2,6,8,12,3,0,0,0,0,0,0,0,3502,60,1,0,1,0,0,0,0,0,0,1,0,0
72643,0,0,60,526,80,553,123,94,53,1,3,10,7,2,0,0,0,1,0,0,1,3868,74,0,0,1,0,0,0,0,0,0,0,1,0
85738,0,0,41,913,26,376,17,26,13,1,3,6,11,1,0,1,1,0,0,0,0,3538,45,0,0,0,1,0,0,0,0,0,1,0,0
55686,0,1,27,673,0,199,37,47,26,2,6,3,5,4,1,0,0,0,0,0,0,3881,57,1,0,1,0,0,0,1,0,0,0,0,0
39062,1,0,28,23,0,9,0,0,12,1,1,0,3,4,1,0,0,0,0,0,0,3477,40,1,0,1,0,0,0,0,0,1,0,0,0
34600,1,1,8,199,33,60,8,3,15,5,5,2,5,8,0,0,0,0,0,0,1,3925,52,2,0,1,0,0,0,0,0,0,1,0,0
40794,0,1,18,261,23,73,4,23,50,2,6,3,5,7,0,0,0,0,0,0,0,3829,48,1,0,1,0,0,0,0,1,0,0,0,0
54690,1,1,76,111,16,37,7,9,18,3,3,1,5,3,0,0,0,0,0,0,0,3615,52,2,0,0,0,0,0,0,1,0,0,0,0
4428,0,1,0,16,4,12,2,4,321,0,25,0,0,1,0,0,0,0,0,0,0,3648,54,1,0,1,0,0,0,0,1,0,0,0,0
32632,0,0,32,63,151,137,153,19,53,2,4,4,8,5,0,0,0,0,0,0,0,4077,60,0,0,0,0,0,0,0,1,0,0,0,0
38236,1,1,2,58,0,18,2,0,10,4,3,0,4,7,0,0,0,0,0,0,0,3663,55,2,0,0,0,1,0,0,0,1,0,0,0
36781,1,0,16,29,1,17,0,3,13,1,2,1,2,8,0,0,0,0,0,0,1,3461,44,1,0,1,0,0,0,0,1,0,0,0,0
31385,1,0,56,3,2,12,0,1,9,1,1,0,2,8,1,0,0,0,0,0,1,3952,39,1,0,0,1,0,0,0,0,1,0,0,0
24570,1,0,97,28,34,62,11,14,44,3,4,0,4,9,0,0,0,0,0,0,0,3868,39,1,0,1,0,0,0,0,1,0,0,0,0
25509,1,0,15,40,3,30,10,7,11,3,3,0,3,9,0,0,0,0,0,0,1,4030,49,1,0,0,0,1,0,1,0,0,0,0,0
94642,0,0,35,879,143,797,106,143,143,0,5,7,9,1,0,0,1,1,0,0,0,3518,72,0,0,1,0,0,0,0,1,0,0,0,0
58646,0,1,3,62,1,44,6,5,22,1,2,1,4,4,0,0,0,0,0,0,0,3765,61,1,0,0,1,0,0,0,1,0,0,0,0
53201,1,1,49,280,7,81,20,0,27,8,6,3,5,7,0,0,0,0,0,0,0,3883,48,2,0,1,0,0,0,0,0,1,0,0,0
21994,0,1,4,9,0,6,3,1,3,1,0,0,3,5,0,0,0,0,0,0,0,3933,66,1,0,1,0,0,0,0,0,0,1,0,0
57113,1,1,45,182,4,33,0,2,42,6,4,1,5,7,0,0,0,0,0,0,0,3889,45,2,0,1,0,0,0,0,1,0,0,0,0
51373,0,0,37,83,2,101,64,26,117,1,3,5,3,4,0,0,0,0,0,0,0,3753,32,0,0,1,0,0,0,0,1,0,0,0,0
23477,1,0,39,38,15,54,3,8,29,3,3,0,4,8,0,0,0,0,0,0,0,3632,37,1,0,1,0,0,0,0,1,0,0,0,0
58116,0,1,38,228,19,130,4,11,51,2,3,3,8,2,0,0,0,0,0,0,0,3458,67,1,0,1,0,0,0,0,1,0,0,0,0
72968,0,0,8,1092,37,592,145,37,55,1,5,5,8,3,0,0,0,1,0,0,1,3576,60,0,0,0,0,1,0,1,0,0,0,0,0
39791,0,1,89,85,15,27,13,13,21,2,3,1,4,7,0,0,0,0,0,0,0,3839,52,1,0,0,1,0,0,0,1,0,0,0,0
91712,0,0,47,1276,24,746,94,29,48,0,9,7,11,3,0,0,1,0,0,0,1,3636,76,0,0,0,1,0,0,0,0,1,0,0,0
94472,0,1,75,1017,33,417,108,100,16,1,5,5,5,5,0,1,1,0,0,0,0,3468,65,1,0,1,0,0,0,0,0,1,0,0,0
13672,1,1,86,6,2,9,2,1,5,2,1,0,3,8,0,0,0,0,0,0,0,3819,63,2,0,1,0,0,0,0,0,0,1,0,0
96547,0,0,4,448,21,125,52,101,62,0,7,6,8,2,1,0,1,1,0,0,1,3418,43,0,0,0,0,0,0,0,1,0,0,0,0
79205,0,0,73,504,23,117,179,28,44,1,6,5,4,4,0,0,0,1,0,0,1,4050,48,0,0,1,0,0,0,0,1,0,0,0,0
56559,0,1,46,226,22,133,41,31,31,3,4,3,8,4,0,0,0,0,0,0,0,3932,48,1,0,0,0,1,0,0,0,0,1,0,0
32644,1,0,38,239,3,141,0,7,23,4,7,1,6,8,1,0,0,0,0,0,0,3910,50,1,0,0,0,1,0,0,1,0,0,0,0
67506,0,1,73,90,38,67,33,36,67,1,4,1,6,3,0,0,0,0,0,0,0,3559,43,1,0,0,0,0,0,0,0,1,0,0,0
24206,1,0,66,7,2,8,3,2,3,1,1,0,3,6,0,0,0,0,0,0,0,3859,53,1,0,1,0,0,0,0,0,1,0,0,0
28420,1,0,36,4,2,5,2,0,0,1,1,0,2,6,0,0,0,0,0,0,0,3568,56,1,0,0,0,1,0,1,0,0,0,0,0
22979,1,0,29,16,17,19,20,21,22,3,3,2,2,8,0,0,0,0,0,0,1,4042,53,1,0,1,0,0,0,0,1,0,0,0,0
33279,0,0,29,10,3,3,0,0,0,1,0,0,3,3,0,0,0,0,0,0,0,3398,57,0,0,1,0,0,0,0,0,1,0,0,0
46423,1,1,6,68,0,16,0,0,8,3,2,0,4,7,0,0,0,0,0,0,0,3665,51,2,0,0,1,0,0,0,0,1,0,0,0
30368,0,1,97,35,0,13,2,0,2,2,2,0,3,8,0,0,0,0,0,0,0,3615,46,1,0,1,0,0,0,0,1,0,0,0,0
63684,0,1,61,575,80,428,208,93,80,3,8,4,8,5,0,0,0,0,0,0,0,3961,53,1,0,1,0,0,0,0,1,0,0,0,0
41638,0,1,68,315,0,31,4,0,91,4,5,5,3,8,1,0,0,0,0,0,0,3882,59,1,0,1,0,0,0,1,0,0,0,0,0
68805,0,1,73,182,2,49,17,13,20,1,3,1,7,2,0,0,0,0,0,0,0,3666,64,1,0,0,0,1,0,1,0,0,0,0,0
65814,0,1,90,561,14,113,10,14,35,3,8,2,10,5,0,0,0,0,0,0,0,3500,57,1,0,0,0,1,0,0,0,0,1,0,0
71964,0,0,81,587,51,932,180,34,86,1,5,6,5,3,0,0,0,0,0,0,0,3786,65,0,0,1,0,0,0,1,0,0,0,0,0
39146,1,0,1,94,1,33,13,12,12,3,4,0,4,8,0,0,0,0,0,0,0,3881,37,1,0,1,0,0,0,0,0,1,0,0,0
96876,0,0,79,908,43,735,40,194,21,1,7,7,9,2,0,1,1,1,0,0,1,3708,46,0,0,1,0,0,0,0,0,0,1,0,0
34445,0,0,92,228,122,122,208,129,30,6,11,2,8,9,0,0,0,0,0,0,0,3899,42,0,1,0,0,0,0,0,1,0,0,0,0
68281,0,0,31,995,112,417,42,48,41,1,2,9,13,5,0,0,0,0,0,0,1,4072,65,0,0,1,0,0,0,0,0,1,0,0,0
37284,1,1,46,11,1,2,2,1,6,1,0,0,3,6,0,0,0,0,0,0,0,3838,48,2,0,0,0,0,0,0,1,0,0,0,0
36790,0,0,14,3,3,14,15,21,10,1,2,1,2,9,0,0,0,0,0,0,1,3866,40,0,0,1,0,0,0,0,1,0,0,0,0
27943,1,1,89,12,1,16,4,1,3,3,2,0,3,8,0,0,0,0,0,0,0,3821,56,2,0,1,0,0,0,0,0,0,1,0,0
22263,1,1,31,17,0,2,0,0,2,2,1,0,3,6,0,0,0,0,0,1,0,3472,72,2,0,1,0,0,0,1,0,0,0,0,0
30261,1,2,75,8,0,5,0,3,6,1,0,0,3,8,0,0,0,0,0,0,0,4023,51,3,0,1,0,0,0,0,0,0,1,0,0
28587,1,0,42,22,4,17,12,10,13,3,2,0,4,6,0,0,0,0,0,0,0,3518,45,1,0,1,0,0,0,0,0,0,1,0,0
43815,1,0,53,14,10,29,4,7,15,1,2,0,3,6,0,0,0,0,0,0,0,3831,41,1,0,0,1,0,0,0,1,0,0,0,0
48195,1,1,53,106,27,68,52,7,5,6,4,2,5,6,0,0,0,0,0,0,0,3540,67,2,0,1,0,0,0,0,1,0,0,0,0
77027,0,1,23,820,57,242,45,0,11,2,8,3,6,4,0,0,0,0,0,0,0,3525,71,1,0,0,1,0,0,0,1,0,0,0,0
71322,0,1,57,753,43,226,69,10,204,2,8,5,13,4,0,0,0,0,0,0,0,3879,58,1,0,0,0,1,0,0,1,0,0,0,0
32765,1,0,49,13,3,17,7,3,3,2,2,0,4,5,0,0,0,0,0,0,0,3507,44,1,0,0,1,0,0,0,1,0,0,0,0
29672,1,1,6,9,1,3,0,4,8,1,0,0,3,6,0,0,0,0,0,0,0,3855,58,2,0,1,0,0,0,0,0,0,1,0,0
23272,0,0,29,19,3,6,4,2,12,1,1,0,3,4,0,0,0,0,0,0,0,3636,70,0,0,1,0,0,0,1,0,0,0,0,0
49912,0,1,5,520,8,223,32,49,42,4,10,5,7,8,1,0,0,0,0,0,1,4041,74,1,0,0,1,0,0,0,0,0,1,0,0
7500,1,0,98,5,17,17,13,14,34,4,2,1,3,9,0,0,0,0,0,0,0,4078,38,1,0,0,0,0,0,0,0,0,1,0,0
68117,0,1,80,618,44,215,0,17,36,2,11,8,4,6,1,0,0,0,0,0,1,3857,76,1,0,0,0,1,0,0,0,0,0,1,0
67225,0,1,4,315,35,322,46,7,143,3,7,2,11,5,0,0,0,0,0,0,0,3596,68,1,0,1,0,0,0,0,1,0,0,0,0
17649,1,0,70,15,1,23,0,5,1,3,3,0,3,8,0,0,0,0,0,0,0,3610,47,1,0,1,0,0,0,0,1,0,0,0,0
55914,0,1,32,384,60,364,119,101,232,4,11,6,8,7,0,0,0,0,0,0,0,3807,48,1,0,1,0,0,0,0,0,0,1,0,0
40059,1,0,82,110,29,92,28,10,145,1,6,2,3,8,1,0,0,0,0,0,0,3655,39,1,0,1,0,0,0,0,1,0,0,0,0
60905,0,1,27,208,17,76,36,17,38,2,3,3,7,2,0,0,0,0,0,0,0,3587,73,1,0,1,0,0,0,0,0,0,1,0,0
75330,1,1,94,555,82,257,93,61,61,4,10,3,12,6,0,0,0,0,0,0,0,4014,46,2,0,1,0,0,0,0,1,0,0,0,0
60689,0,1,23,240,90,216,63,6,24,4,4,4,10,3,0,0,0,0,0,0,0,3774,72,1,0,1,0,0,0,0,0,1,0,0,0
38680,1,0,97,11,0,36,15,5,12,1,2,0,3,7,0,0,0,0,0,0,0,3839,39,1,0,1,0,0,0,0,1,0,0,0,0
61416,0,0,25,848,154,323,201,61,78,1,10,3,10,6,1,0,0,0,0,0,0,3887,41,0,0,1,0,0,0,0,0,0,1,0,0
49767,0,0,92,202,47,197,55,42,149,1,5,4,8,4,0,0,0,0,0,0,0,3804,32,0,0,1,0,0,0,0,0,1,0,0,0
83273,1,2,98,433,89,650,16,102,102,10,4,6,9,7,0,0,0,0,0,0,0,4023,53,3,0,1,0,0,0,0,0,1,0,0,0
29009,1,0,19,6,6,15,10,5,2,2,2,0,3,6,0,0,0,0,0,0,0,3593,42,1,0,1,0,0,0,0,1,0,0,0,0
45057,1,0,80,37,0,7,3,0,3,1,2,0,3,5,0,0,0,0,0,0,0,3591,44,1,0,0,1,0,0,0,1,0,0,0,0
37150,1,0,80,167,37,64,49,34,116,8,4,3,6,7,0,0,0,0,0,0,0,4037,52,1,0,1,0,0,0,0,1,0,0,0,0
43020,1,0,79,45,7,99,4,25,43,3,4,1,4,6,0,0,0,0,0,0,0,3592,53,1,0,1,0,0,0,0,0,1,0,0,0
53154,0,1,50,129,0,21,0,1,7,1,3,1,4,4,0,0,0,0,0,0,0,3401,64,1,0,1,0,0,0,0,1,0,0,0,0
65308,0,0,60,713,0,264,120,80,34,1,7,8,12,4,0,0,1,1,0,0,0,3672,50,0,0,1,0,0,0,0,1,0,0,0,0
76467,1,0,44,676,161,426,210,44,58,2,2,5,5,6,0,0,0,0,0,0,1,4062,53,1,0,1,0,0,0,0,0,1,0,0,0
81044,0,0,0,450,26,535,73,98,26,1,5,6,10,1,0,0,0,0,0,0,0,3565,76,0,0,0,0,0,0,0,1,0,0,0,0
32871,1,1,28,22,2,12,0,2,5,1,1,0,3,4,0,0,0,0,0,0,0,3858,72,2,0,1,0,0,0,0,1,0,0,0,0
55801,1,1,35,367,4,51,6,4,95,6,7,2,6,7,0,0,0,1,0,0,0,3661,48,2,0,1,0,0,0,0,0,1,0,0,0
76320,0,1,49,526,35,214,69,53,35,2,6,3,4,2,0,0,0,0,0,0,0,3388,64,1,0,1,0,0,0,0,0,0,0,1,0
36927,1,1,46,51,0,16,0,0,4,2,3,0,3,8,0,0,0,0,0,0,0,3408,68,2,0,0,1,0,0,0,0,1,0,0,0
48794,1,1,97,25,0,11,3,0,15,1,1,0,3,4,0,0,0,0,0,0,0,3384,70,2,0,1,0,0,0,0,0,0,1,0,0
23478,0,0,51,28,6,27,12,17,39,1,3,0,3,8,0,0,0,0,0,0,0,3848,58,0,0,1,0,0,0,0,0,1,0,0,0
71128,1,0,80,958,159,447,20,0,31,3,2,10,12,7,0,0,0,0,0,0,0,4012,50,1,0,1,0,0,0,1,0,0,0,0,0
70179,0,1,10,532,88,168,69,44,133,3,7,3,13,5,0,0,0,0,0,0,0,3724,47,1,0,0,0,1,0,1,0,0,0,0,0
59462,0,1,29,724,17,143,0,8,196,2,9,2,12,7,0,0,0,0,0,0,0,3921,73,1,0,1,0,0,0,0,1,0,0,0,0
38361,1,0,74,39,0,56,20,8,14,3,3,1,3,7,0,0,0,0,0,0,0,3565,54,1,0,1,0,0,0,0,0,0,1,0,0
70038,0,0,54,587,54,348,71,54,130,1,4,4,8,2,0,0,0,0,0,0,0,3628,41,0,0,0,0,1,0,0,0,0,1,0,0
42554,1,1,93,29,1,11,0,0,0,2,2,0,3,4,0,0,0,0,0,0,0,3914,45,2,0,1,0,0,0,0,0,0,1,0,0
67445,0,1,63,757,80,217,29,80,11,5,9,6,12,6,0,0,0,0,0,0,0,4067,49,1,0,1,0,0,0,0,1,0,0,0,0
67046,0,1,92,544,35,133,23,151,107,2,4,5,4,2,0,0,0,0,0,0,0,3920,72,1,0,1,0,0,0,0,0,0,0,1,0
42192,0,0,40,40,15,15,17,6,7,1,2,1,3,4,0,0,0,0,0,0,0,3677,75,0,0,1,0,0,0,0,1,0,0,0,0
77610,0,1,70,1245,33,332,21,33,16,2,4,7,4,7,0,0,0,0,0,0,0,3989,71,1,0,0,0,1,0,0,1,0,0,0,0
31761,1,0,96,19,1,20,16,14,28,2,3,0,4,5,0,0,0,0,0,0,0,3466,39,1,0,1,0,0,0,0,1,0,0,0,0
34350,1,0,81,16,3,15,2,1,11,1,1,0,3,7,0,0,0,0,0,0,0,3634,44,1,0,1,0,0,0,0,0,0,1,0,0
54591,0,1,63,376,4,94,12,9,24,3,6,2,8,5,0,0,0,0,0,0,0,3709,74,1,0,1,0,0,0,0,0,0,1,0,0
71866,0,1,85,184,178,178,103,39,33,1,6,3,10,3,0,0,0,0,0,0,0,3567,67,1,0,1,0,0,0,0,1,0,0,0,0
25293,1,0,51,15,0,11,0,2,9,1,1,1,2,8,0,0,0,0,0,0,0,3668,54,1,0,1,0,0,0,0,1,0,0,0,0
42000,0,0,23,124,83,267,85,59,35,2,5,2,11,5,0,0,0,0,0,0,1,3916,36,0,0,0,0,1,0,0,0,1,0,0,0
69520,0,0,95,627,120,414,121,80,93,1,9,6,5,5,0,0,0,0,0,0,0,3738,40,0,0,1,0,0,0,0,1,0,0,0,0
64713,1,0,11,180,60,241,13,54,54,2,5,5,7,4,0,0,0,0,0,0,1,3523,53,1,0,1,0,0,0,1,0,0,0,0,0
27889,1,0,42,14,0,4,0,0,8,1,1,1,2,6,0,0,0,0,0,0,0,3740,46,1,0,0,1,0,0,0,1,0,0,0,0
22123,0,0,77,3,3,24,34,7,31,1,2,1,3,5,0,0,0,0,0,0,0,3475,63,0,1,0,0,0,0,0,0,0,0,1,0
27803,1,0,40,8,26,46,38,9,49,2,3,0,4,8,0,0,0,0,0,0,0,4053,50,1,0,1,0,0,0,0,1,0,0,0,0
51651,0,1,32,293,6,23,13,6,92,4,6,2,5,8,0,0,0,0,0,0,0,3980,63,1,0,1,0,0,0,0,1,0,0,0,0
68487,0,0,48,758,12,385,33,89,89,1,9,7,13,4,0,0,0,0,0,0,0,3913,35,0,0,1,0,0,0,0,1,0,0,0,0
56796,0,1,24,656,38,161,62,47,37,3,8,9,7,7,0,0,0,0,0,0,0,3879,54,1,0,1,0,0,0,0,1,0,0,0,0
87000,0,0,61,196,25,607,67,17,49,1,4,6,7,2,0,0,0,0,0,0,0,3942,31,0,0,0,0,0,0,0,1,0,0,0,0
79823,0,1,6,835,73,380,114,73,43,1,6,9,7,2,0,1,0,0,0,0,0,3471,64,1,0,1,0,0,0,0,1,0,0,0,0
30828,1,0,16,16,11,15,2,0,12,2,1,1,4,3,0,0,0,0,0,0,0,3649,43,1,0,1,0,0,0,0,0,1,0,0,0
34109,0,1,39,9,1,5,2,1,4,1,0,0,3,4,0,0,0,0,0,0,0,3616,52,1,0,0,1,0,0,0,1,0,0,0,0
53367,1,1,2,229,7,140,10,3,11,7,5,1,8,7,0,0,0,0,0,0,1,3683,49,2,0,0,1,0,0,1,0,0,0,0,0
22390,0,0,49,0,1,4,15,1,5,1,1,0,2,7,0,0,0,0,0,0,0,3632,54,0,1,0,0,0,0,0,0,0,1,0,0
71322,0,1,31,121,24,124,24,15,42,1,4,1,7,2,0,0,0,0,0,0,0,3439,47,1,0,1,0,0,0,0,0,0,1,0,0
79244,0,0,58,471,102,125,212,61,245,1,4,10,7,1,0,0,1,1,0,0,1,3938,30,0,0,1,0,0,0,0,0,0,0,0,0
49912,0,1,5,520,8,223,32,49,42,4,10,5,7,8,1,0,0,0,0,0,1,4041,74,1,0,0,1,0,0,0,0,0,1,0,0
48699,1,1,90,26,1,10,2,0,1,1,1,0,3,5,0,0,0,0,0,0,0,3785,73,2,0,0,0,1,0,0,1,0,0,0,0
80144,0,0,47,240,132,445,250,192,108,1,3,7,8,1,0,0,0,0,0,0,0,3653,48,0,0,1,0,0,0,0,0,0,1,0,0
54252,1,1,25,178,4,26,8,4,44,5,4,1,5,6,0,0,0,0,0,0,0,3778,67,2,0,1,0,0,0,0,0,1,0,0,0
81929,1,0,60,1486,55,278,49,0,185,2,4,4,10,6,1,0,1,0,0,0,1,4019,47,1,0,0,1,0,0,0,1,0,0,0,0
76068,0,1,67,1115,12,128,33,12,76,1,2,3,4,6,0,1,0,0,1,0,0,3958,48,1,0,1,0,0,0,0,1,0,0,0,0
53204,1,1,40,29,0,8,2,0,6,1,1,0,3,4,0,0,0,0,0,0,0,3482,47,2,0,0,1,0,0,0,1,0,0,0,0
67911,0,1,63,529,0,356,63,28,0,3,6,7,11,3,0,0,0,0,0,0,0,3419,74,1,0,0,0,1,0,0,0,0,1,0,0
14796,1,0,1,13,3,8,7,4,16,2,1,0,3,9,0,0,0,0,0,0,1,4031,39,1,0,0,0,0,0,0,1,0,0,0,0
78128,0,1,89,934,24,230,16,24,36,2,8,4,6,3,0,1,1,0,0,0,0,3511,49,1,0,0,0,1,0,0,1,0,0,0,0
14188,0,0,40,2,7,11,16,12,27,1,2,0,4,6,0,0,0,0,0,0,0,3867,51,0,1,0,0,0,0,0,1,0,0,0,0
20425,1,0,5,4,12,5,3,16,17,2,2,0,3,7,0,0,0,0,0,0,0,3989,37,1,1,0,0,0,0,0,1,0,0,0,0
58646,0,1,3,62,1,44,6,5,22,1,2,1,4,4,0,0,0,0,0,0,0,3765,61,1,0,0,1,0,0,0,1,0,0,0,0
72967,0,1,1,158,35,179,0,0,125,2,7,2,8,5,1,0,0,0,0,0,1,3942,53,1,0,1,0,0,0,1,0,0,0,0,0
48150,0,1,24,173,2,39,3,2,47,3,5,1,4,7,0,0,0,0,0,0,0,3767,74,1,0,0,1,0,0,0,1,0,0,0,0
82332,0,0,89,830,59,968,51,79,19,1,5,3,12,2,0,0,1,0,0,0,1,4031,62,0,0,1,0,0,0,0,0,1,0,0,0
58275,1,1,48,189,10,253,56,43,64,6,8,2,7,7,0,0,0,0,0,0,0,3773,68,2,0,1,0,0,0,0,0,0,0,1,0
44953,0,0,31,728,17,133,11,8,124,1,7,3,13,6,1,0,0,0,0,0,0,3936,42,0,0,0,0,1,0,0,0,0,1,0,0
34587,1,1,68,7,2,9,2,0,2,2,1,0,3,4,0,0,0,0,0,0,0,3425,70,2,0,1,0,0,0,0,0,0,1,0,0
43018,0,1,46,35,4,17,7,6,64,1,2,2,2,5,0,0,0,0,0,0,0,3621,49,1,0,0,1,0,0,0,0,0,1,0,0
45736,0,1,92,188,3,180,20,3,43,5,7,1,6,7,0,0,0,0,0,0,0,3721,69,1,0,0,1,0,0,0,1,0,0,0,0
66476,0,1,80,742,28,152,25,9,57,2,6,8,10,4,0,0,0,0,0,0,0,3588,54,1,0,0,1,0,0,0,0,0,1,0,0
27733,1,0,16,0,7,5,26,2,17,2,2,0,3,7,0,0,0,0,0,0,0,3688,42,1,0,0,0,0,0,0,1,0,0,0,0
69805,0,1,50,750,71,174,13,10,20,2,6,8,11,2,0,0,0,0,0,0,0,3540,71,1,0,0,0,1,0,0,0,0,1,0,0
72217,0,0,93,816,42,450,55,56,154,1,3,10,8,2,0,0,0,0,0,0,0,3826,61,0,0,0,1,0,0,0,0,1,0,0,0
25818,1,0,51,5,2,8,2,2,9,1,0,1,2,7,0,0,0,0,0,0,0,4000,52,1,0,1,0,0,0,1,0,0,0,0,0
37509,1,0,24,37,5,56,12,8,5,2,3,0,4,7,0,0,0,0,0,0,0,4036,47,1,0,0,1,0,0,0,0,0,1,0,0
25176,1,1,79,4,0,4,0,0,5,1,1,0,2,7,0,0,0,0,0,0,0,3704,47,2,0,0,0,0,0,0,0,0,1,0,0
43586,0,1,26,99,2,11,4,0,16,3,3,0,4,8,0,0,0,0,0,0,0,4049,43,1,0,1,0,0,0,0,1,0,0,0,0
53230,0,1,86,176,72,98,136,21,229,4,5,2,12,5,0,0,0,0,0,0,0,4076,67,1,0,0,0,0,0,0,1,0,0,0,0
50116,1,1,68,54,0,10,0,0,2,2,1,0,4,5,0,1,0,0,0,0,0,3390,66,2,0,1,0,0,0,0,0,0,1,0,0
84906,0,0,98,997,15,414,99,30,76,1,5,6,12,2,0,1,1,0,1,0,0,3649,51,0,0,1,0,0,0,0,0,0,1,0,0
61286,0,1,34,356,0,107,19,9,117,2,7,1,8,5,0,0,0,0,0,0,0,3712,57,1,0,1,0,0,0,0,1,0,0,0,0
82333,0,0,60,1311,0,359,46,89,17,1,4,3,10,2,0,0,1,0,0,0,1,3837,37,0,0,0,0,1,0,0,1,0,0,0,0
65220,0,0,3,890,63,292,0,25,12,4,8,4,7,6,0,0,0,0,0,0,1,4045,58,0,0,0,0,1,0,0,0,0,1,0,0
33590,2,1,65,4,0,2,0,0,2,1,1,0,2,7,0,0,0,0,0,0,0,3619,49,3,0,1,0,0,0,0,0,0,1,0,0
30992,1,0,83,17,0,14,7,3,2,1,1,0,3,7,0,0,0,0,0,0,0,3814,47,1,0,1,0,0,0,1,0,0,0,0,0
72309,0,0,64,960,0,883,50,38,0,1,5,6,8,3,0,0,0,1,0,0,1,3856,47,0,0,0,1,0,0,0,0,1,0,0,0
156924,0,0,85,2,1,2,1,1,1,0,0,0,0,0,0,0,0,0,0,0,0,3685,74,0,0,0,0,1,0,0,1,0,0,0,0
16005,1,0,69,1,3,2,20,30,47,3,2,1,2,8,0,0,0,0,0,0,0,4065,43,1,1,0,0,0,0,0,1,0,0,0,0
65487,0,0,48,240,67,500,199,0,163,3,3,5,6,2,0,0,0,0,0,0,0,3551,66,0,0,0,1,0,0,0,0,0,0,0,0
58692,0,1,21,301,11,61,4,7,11,1,8,2,4,7,0,0,0,0,0,0,0,3465,58,1,0,1,0,0,0,0,1,0,0,0,0
40590,1,1,30,154,0,50,6,11,37,5,3,4,3,6,1,0,0,0,0,0,0,3651,54,2,0,1,0,0,0,0,0,0,0,1,0
20587,1,0,39,2,3,6,4,1,9,1,1,1,2,7,0,0,0,0,0,0,0,3430,53,1,0,1,0,0,0,0,0,1,0,0,0
62637,0,1,76,104,12,48,4,12,5,1,2,2,5,2,0,0,0,0,0,0,0,3501,69,1,0,0,1,0,0,1,0,0,0,0,0
29435,1,1,11,70,3,37,4,2,64,4,3,2,2,9,0,0,0,0,0,0,1,4073,57,2,0,0,1,0,0,1,0,0,0,0,0
19346,1,0,26,2,0,9,3,6,2,1,1,0,3,8,0,0,0,0,0,0,0,3531,49,1,0,1,0,0,0,1,0,0,0,0,0
35788,1,1,34,23,2,11,3,1,4,2,2,0,3,6,0,0,0,0,0,0,0,3538,52,2,0,1,0,0,0,0,1,0,0,0,0
36997,1,1,72,43,4,12,8,0,27,5,2,1,4,5,0,0,0,0,0,0,0,3894,55,2,0,1,0,0,0,1,0,0,0,0,0
23539,0,0,13,4,24,11,16,1,25,1,2,0,4,6,0,0,0,0,0,0,0,3502,66,0,0,1,0,0,0,0,1,0,0,0,0
65333,0,1,58,654,7,92,0,15,30,7,9,4,8,6,0,1,1,0,0,0,0,3544,50,1,0,1,0,0,0,0,0,1,0,0,0
78499,0,0,12,912,72,170,47,36,97,1,11,3,4,4,0,0,1,0,0,0,1,3599,66,0,0,1,0,0,0,0,0,1,0,0,0
29732,1,0,23,25,0,8,0,1,4,1,2,0,2,9,0,0,0,0,0,0,0,3477,52,1,0,0,0,1,0,0,0,0,1,0,0
41275,1,2,33,24,4,22,0,2,9,4,3,1,3,5,0,0,0,0,0,0,0,3478,63,3,0,0,1,0,0,0,0,0,1,0,0
63516,1,1,30,141,11,114,15,14,5,4,4,1,7,5,0,0,0,0,0,0,0,3739,50,2,0,0,0,1,0,0,0,0,1,0,0
42769,0,1,15,71,0,13,3,1,0,2,1,1,4,4,0,0,0,0,0,0,0,3641,61,1,0,0,0,1,0,0,1,0,0,0,0
49572,1,1,25,35,1,16,0,1,1,2,2,0,3,7,0,0,0,0,0,0,0,3577,65,2,0,0,1,0,0,0,1,0,0,0,0
69209,0,0,4,496,32,849,229,48,128,2,5,3,6,4,0,0,0,1,0,0,0,4031,51,0,0,1,0,0,0,0,1,0,0,0,0
17148,1,0,80,9,9,11,13,10,16,4,3,1,3,8,0,0,0,0,0,0,0,3533,47,1,0,1,0,0,0,0,1,0,0,0,0
40590,1,1,30,154,0,50,6,11,37,5,3,4,3,6,1,0,0,0,0,0,0,3651,54,2,0,1,0,0,0,0,0,0,0,1,0
30560,1,0,6,9,1,5,4,5,7,1,1,0,3,7,0,0,0,0,0,0,0,3748,47,1,0,0,1,0,0,0,0,0,1,0,0
32146,1,0,16,26,3,23,4,7,3,2,2,0,4,6,0,0,0,0,0,0,0,3429,40,1,0,0,0,0,0,0,1,0,0,0,0
41713,1,1,57,77,8,44,10,10,25,5,3,1,4,6,0,0,0,0,0,0,0,3442,59,2,0,0,0,0,0,1,0,0,0,0,0
34176,0,1,9,11,2,7,4,2,2,1,1,0,3,3,0,0,0,0,0,0,0,3539,48,1,0,0,1,0,0,0,0,0,1,0,0
58482,0,1,59,576,7,115,19,7,7,2,7,4,9,6,0,1,0,0,0,0,0,3490,68,1,0,0,0,1,0,0,1,0,0,0,0
59686,0,1,78,89,15,89,34,42,5,1,4,1,6,4,0,0,0,0,0,0,0,3536,58,1,0,1,0,0,0,0,0,1,0,0,0
60896,0,1,90,1013,30,399,60,46,153,3,9,10,4,6,0,0,0,0,0,0,1,4007,59,1,0,0,0,1,0,0,1,0,0,0,0
62994,1,0,74,224,12,48,4,12,12,1,6,2,4,6,0,0,0,0,0,0,0,3498,43,1,0,1,0,0,0,0,0,0,1,0,0
47320,0,1,10,200,19,111,50,15,19,6,5,1,8,6,0,0,0,0,0,0,0,3713,66,1,0,1,0,0,0,0,0,0,1,0,0
74859,0,0,63,570,73,614,133,102,73,1,6,5,11,3,0,0,0,1,0,0,0,3772,74,0,0,0,0,0,0,0,0,0,0,1,0
15253,1,0,13,1,3,3,8,1,13,2,1,0,3,7,0,0,0,0,0,0,0,3625,31,1,1,0,0,0,0,0,0,1,0,0,0
31560,1,0,98,62,1,20,4,0,7,2,2,1,3,8,0,0,0,0,0,0,0,3751,49,1,0,0,0,1,0,0,0,1,0,0,0
72071,0,1,4,531,69,300,150,138,150,3,5,4,8,2,0,0,0,0,0,0,0,3881,69,1,0,1,0,0,0,1,0,0,0,0,0
91172,0,0,94,162,28,818,0,28,56,0,4,3,7,3,1,0,1,1,1,0,1,3840,33,0,0,0,1,0,0,0,0,1,0,0,0
90000,0,0,91,675,144,133,94,192,241,1,4,8,5,1,1,0,1,1,0,0,0,3569,39,0,0,1,0,0,0,0,1,0,0,0,0
41967,1,1,66,23,4,10,0,2,15,1,1,0,3,4,0,0,0,0,0,0,0,3599,42,2,0,1,0,0,0,0,0,1,0,0,0
69263,0,1,14,492,5,32,13,5,21,1,9,1,7,6,0,1,0,0,0,0,0,3497,58,1,0,1,0,0,0,0,0,1,0,0,0
65706,0,0,77,918,10,129,13,0,129,1,11,3,12,7,0,1,1,0,1,0,1,3747,53,0,0,0,0,0,0,1,0,0,0,0,0
60934,0,1,41,224,155,155,192,93,54,2,6,4,11,4,0,0,0,0,0,0,0,3544,48,1,0,1,0,0,0,0,0,0,1,0,0
71965,0,1,21,572,19,286,50,38,248,3,6,3,5,3,0,0,0,0,0,0,0,3716,72,1,0,1,0,0,0,0,1,0,0,0,0
65210,0,1,25,626,0,70,0,7,28,2,9,3,8,6,0,1,0,1,0,0,0,3492,68,1,0,1,0,0,0,0,1,0,0,0,0
79174,0,0,2,1074,37,518,193,92,129,1,5,6,7,2,0,0,1,1,0,0,1,3915,48,0,0,0,0,1,0,0,1,0,0,0,0
81380,0,0,51,741,68,689,224,68,103,1,4,2,10,2,0,0,0,0,0,0,0,3935,56,0,0,0,1,0,0,1,0,0,0,0,0
48432,0,1,3,322,3,50,4,3,42,5,7,1,6,8,0,0,0,0,0,0,0,4000,50,1,0,0,0,1,0,0,0,0,0,0,1
52914,0,1,32,254,10,44,30,10,227,2,7,3,3,7,1,0,0,0,0,0,0,3919,52,1,0,1,0,0,0,0,1,0,0,0,0
38946,0,1,84,116,6,82,6,6,41,2,3,1,6,5,0,0,0,0,0,0,0,3629,68,1,0,1,0,0,0,0,0,0,1,0,0
26067,1,0,49,22,2,18,0,2,12,3,3,0,3,8,0,0,0,0,0,0,0,3618,49,1,0,1,0,0,0,0,1,0,0,0,0
44325,0,1,69,516,0,21,0,0,5,4,8,2,7,8,0,1,0,0,0,0,0,3860,51,1,0,0,0,1,0,0,1,0,0,0,0
42523,0,0,96,14,36,11,3,26,35,1,1,1,4,2,0,0,0,0,0,0,0,3448,59,0,0,1,0,0,0,0,1,0,0,0,0
26487,1,0,23,2,8,10,12,14,23,3,2,1,3,5,0,0,0,0,0,0,0,3786,45,1,1,0,0,0,0,0,0,1,0,0,0
53233,0,1,18,28,0,9,3,0,0,1,1,0,3,4,0,0,0,0,0,0,0,3484,66,1,0,0,0,0,0,0,1,0,0,0,0
67716,0,1,8,530,142,217,62,9,56,4,7,4,13,5,0,1,0,0,0,0,0,3916,63,1,0,1,0,0,0,0,1,0,0,0,0
76234,0,1,21,519,50,167,130,0,41,1,8,3,11,3,0,1,0,0,0,0,0,3524,51,1,0,0,1,0,0,0,1,0,0,0,0
84117,0,0,60,611,76,749,59,45,26,1,7,10,6,2,0,0,1,0,0,0,0,3430,67,0,0,0,0,1,0,0,1,0,0,0,0
65487,0,0,48,240,67,500,199,0,163,3,3,5,6,2,0,0,0,0,0,0,0,3551,66,0,0,0,1,0,0,0,0,0,1,0,0
25224,1,0,36,4,9,12,11,2,8,2,1,1,3,3,0,0,0,0,0,0,0,3486,51,1,1,0,0,0,0,0,1,0,0,0,0
89616,0,0,36,671,47,655,145,111,15,1,7,5,12,2,0,0,0,0,0,0,1,3870,40,0,0,0,1,0,0,0,0,1,0,0,0
40851,1,1,63,23,1,7,0,4,24,1,1,1,2,7,0,0,0,0,0,0,0,3874,52,2,0,1,0,0,0,1,0,0,0,0,0
27469,0,0,2,9,1,2,3,2,0,1,0,0,3,6,0,0,0,0,0,0,0,4077,76,0,0,1,0,0,0,0,1,0,0,0,0
82347,0,0,38,556,54,845,202,133,63,1,7,7,10,3,1,0,0,1,0,0,1,3981,66,0,0,0,0,0,0,0,1,0,0,0,0
73803,0,1,61,833,80,363,52,26,174,2,9,5,6,6,1,0,0,0,0,0,1,4078,66,1,0,1,0,0,0,0,1,0,0,0,0
8820,1,1,52,12,0,13,4,2,4,4,3,0,3,8,0,0,0,0,0,0,0,3845,71,2,0,0,1,0,0,0,0,1,0,0,0
43322,0,0,25,56,7,48,10,2,18,1,3,0,4,7,0,0,0,0,0,0,0,3450,49,0,0,1,0,0,0,0,0,1,0,0,0
55593,0,1,63,293,8,124,11,4,106,2,6,6,3,6,1,0,0,0,0,0,0,3693,50,1,0,1,0,0,0,0,0,0,1,0,0
50501,1,1,10,297,0,38,13,0,152,7,5,4,4,6,1,0,0,0,0,0,1,3757,69,2,0,1,0,0,0,0,1,0,0,0,0
37085,1,1,65,39,1,16,2,0,3,4,3,0,3,8,0,0,0,0,0,0,0,3384,48,2,0,1,0,0,0,0,1,0,0,0,0
16185,1,0,71,5,11,16,21,8,45,2,2,2,2,8,0,0,0,0,0,0,0,3709,33,1,1,0,0,0,0,0,0,1,0,0,0
57731,0,1,0,266,21,300,65,8,44,4,8,8,6,6,0,0,0,0,0,0,0,3964,54,1,0,1,0,0,0,0,0,1,0,0,0
48432,0,1,3,322,3,50,4,3,42,5,7,1,6,8,0,0,0,0,0,0,1,4000,50,1,0,0,0,1,0,0,0,0,0,0,1
73807,0,1,88,366,124,156,71,78,54,2,5,5,11,2,0,0,0,0,0,0,0,3924,45,1,0,1,0,0,0,0,1,0,0,0,0
18929,0,0,15,32,0,8,23,4,18,1,1,0,4,6,0,0,0,0,0,0,0,3879,33,0,0,1,0,0,0,0,1,0,0,0,0
35893,1,1,80,158,0,23,0,0,18,6,3,1,5,8,0,0,0,0,0,0,0,4003,55,2,0,1,0,0,0,0,0,1,0,0,0
61014,0,1,17,269,129,495,182,43,29,4,9,3,4,7,0,0,0,0,0,0,0,4068,43,1,0,1,0,0,0,0,1,0,0,0,0
32144,1,1,76,41,0,10,0,0,3,4,2,1,3,7,0,1,0,0,0,0,0,3479,69,2,0,1,0,0,0,0,0,0,1,0,0
14918,0,1,52,3,3,3,15,4,15,1,1,0,3,6,0,0,0,0,0,0,0,3950,60,1,1,0,0,0,0,0,0,0,1,0,0
45146,1,1,28,33,0,5,0,0,15,2,1,1,2,4,0,0,0,0,0,0,0,3730,60,2,0,1,0,0,0,1,0,0,0,0,0
41769,0,1,31,302,29,131,32,0,27,6,8,1,7,8,0,0,0,0,0,0,0,3882,68,1,0,0,0,0,0,1,0,0,0,0,0
88325,0,0,42,519,71,860,93,27,53,1,6,2,9,2,0,0,0,0,0,0,0,3525,42,0,0,1,0,0,0,0,0,0,1,0,0
38054,1,1,24,23,2,17,2,1,0,2,2,0,3,7,0,0,0,0,0,0,0,3440,73,2,0,0,1,0,0,1,0,0,0,0,0
80617,0,0,42,594,51,631,72,55,32,1,4,6,8,2,0,0,0,0,0,0,0,4006,28,0,0,0,0,0,0,0,0,1,0,0,0
5305,0,1,12,12,4,7,1,3,5,0,1,0,0,13,0,0,0,0,0,0,0,3715,47,1,0,1,0,0,0,0,1,0,0,0,0
36807,1,1,88,4,2,5,0,0,5,1,1,0,2,6,0,0,0,0,0,0,0,3937,69,2,0,1,0,0,0,0,0,0,1,0,0
28427,1,0,67,18,3,19,3,3,6,2,2,0,3,8,0,0,0,0,0,0,0,3846,40,1,0,1,0,0,0,0,0,0,1,0,0
82032,0,0,54,332,194,377,149,125,57,0,4,6,7,1,0,0,0,0,0,0,0,3466,75,0,0,0,0,1,0,0,0,0,0,1,0
22775,1,0,40,5,1,8,0,0,1,1,1,0,2,8,0,0,0,0,0,0,0,3756,45,1,0,1,0,0,0,0,0,0,1,0,0
40101,1,0,73,171,3,129,26,24,62,4,6,1,6,7,0,0,0,0,0,0,0,4004,38,1,0,0,1,0,0,0,0,0,1,0,0
58025,0,1,81,270,31,88,11,48,22,3,3,2,10,4,0,0,0,0,0,0,0,3596,44,1,0,1,0,0,0,0,1,0,0,0,0
75777,0,0,12,712,26,538,69,13,80,1,3,6,11,1,0,1,1,0,0,0,1,3741,41,0,0,0,1,0,0,0,0,1,0,0,0
7500,1,0,7,2,8,11,3,8,21,4,3,2,2,7,0,0,0,0,0,0,0,3799,44,1,0,0,0,0,0,0,0,0,1,0,0
33562,1,2,33,21,12,12,0,3,3,3,2,0,4,4,0,0,0,0,0,0,0,3385,60,3,0,0,1,0,0,0,1,0,0,0,0
57642,0,1,24,580,6,58,8,0,27,3,7,6,6,4,1,0,0,0,0,0,0,3552,53,1,0,0,0,1,0,0,0,1,0,0,0
58554,1,1,55,368,24,68,38,0,88,6,8,2,6,7,0,0,0,0,0,0,0,4022,55,2,0,1,0,0,0,0,0,0,1,0,0
63777,1,1,87,457,5,106,15,17,53,8,11,1,6,8,0,0,0,0,0,0,0,3843,44,2,0,1,0,0,0,0,1,0,0,0,0
57967,0,1,39,229,7,137,4,0,91,5,4,2,8,5,0,0,0,0,0,0,0,3864,61,1,0,1,0,0,0,0,0,1,0,0,0
24434,2,0,9,3,2,8,20,0,17,2,2,1,2,7,0,0,0,0,0,0,0,3423,51,2,0,1,0,0,0,0,1,0,0,0,0
11012,1,0,82,24,3,26,7,1,23,3,3,1,2,9,1,0,0,0,0,0,0,3851,39,1,0,1,0,0,0,0,0,1,0,0,0
44802,0,0,71,853,10,143,13,10,20,2,9,4,12,8,0,0,0,0,0,0,0,4058,53,0,0,0,1,0,0,0,0,1,0,0,0
26816,0,0,50,5,1,6,3,4,3,1,0,0,3,4,0,0,0,0,0,0,0,4062,37,0,0,1,0,0,0,0,0,1,0,0,0
666666,1,0,23,9,14,18,8,1,12,4,3,1,3,6,0,0,0,0,0,0,0,3773,46,1,0,1,0,0,0,0,0,0,1,0,0
34421,1,0,81,3,3,7,6,2,9,1,1,0,2,7,0,0,0,0,0,0,0,3744,49,1,0,1,0,0,0,0,1,0,0,0,0
61223,0,1,46,709,43,182,42,118,247,2,9,3,4,5,0,0,0,0,0,0,0,3762,56,1,0,1,0,0,0,0,1,0,0,0,0
64014,2,1,56,406,0,30,0,0,8,7,8,2,5,7,0,0,0,1,0,0,0,3400,77,3,0,0,0,1,0,0,0,0,1,0,0
56981,0,0,91,908,48,217,32,12,24,1,2,3,13,6,0,1,0,0,0,0,0,3536,42,0,0,1,0,0,0,1,0,0,0,0,0
69245,0,1,8,428,30,214,80,30,61,2,6,5,10,3,0,0,0,0,0,0,0,3537,67,1,0,0,1,0,0,0,0,0,1,0,0
52869,1,1,40,84,3,61,2,1,21,3,3,1,4,7,0,0,0,0,0,0,1,4003,69,2,0,0,0,1,0,0,1,0,0,0,0
